4 1
8804 1
35207 1
30619 1
22011 1
39102 1
8816 1
13122 1
17621 1
8820 1
13124 1
44020 1
13127 1
17623 1
26299 1
44030 1
35 1
32 1
43973 1
17639 1
13174 1
35236 1
17638 1
43975 1
42 1
8779 1
30653 1
8781 1
26259 1
39042 1
47843 1
35254 1
8788 1
17659 1
57 1
43994 1
43999 1
13076 1
8741 1
70 1
43940 1
64 1
65104 1
8749 1
8751 1
30686 1
8744 1
35274 1
21947 1
17557 1
8758 1
13062 1
81 1
17554 1
13058 1
43966 1
13069 1
8764 1
8767 1
17561 1
88 1
8763 1
4459 1
8708 1
43911 1
30709 1
4436 1
101 1
35297 1
13105 1
13118 1
35311 1
8717 1
4445 1
17579 1
13091 1
35313 1
30691 1
30688 1
39107 1
30700 1
13101 1
8732 1
35320 1
137 1
13273 1
17483 1
4538 1
35087 1
8943 1
8928 1
8953 1
8954 1
17498 1
43890 1
13249 1
26163 1
47680 1
38944 1
4515 1
17492 1
17494 1
13307 1
8905 1
13304 1
43852 1
174 1
35104 1
17506 1
8897 1
38930 1
17511 1
47720 1
17529 1
38922 1
8926 1
17534 1
13293 1
8915 1
30496 1
13284 1
13285 1
8877 1
8879 1
13214 1
4600 1
21817 1
35144 1
39032 1
35141 1
47637 1
17408 1
17409 1
8866 1
4589 1
8895 1
13193 1
13194 1
13188 1
13189 1
17431 1
26230 1
13184 1
8881 1
209 1
30528 1
210 1
8847 1
237 1
17451 1
13238 1
17444 1
4565 1
13237 1
226 1
4558 1
4557 1
8855 1
26198 1
21766 1
17459 1
8851 1
12871 1
278 1
4134 1
30340 1
276 1
26554 1
48072 1
12874 1
9080 1
21737 1
48076 1
286 1
12883 1
12880 1
9063 1
34948 1
9066 1
34953 1
21755 1
30362 1
4152 1
43754 1
9070 1
271 1
12897 1
21698 1
9044 1
34997 1
43733 1
35002 1
35000 1
9050 1
35007 1
17888 1
9026 1
293 1
9031 1
297 1
34984 1
43727 1
39326 1
26613 1
39392 1
9009 1
17820 1
17819 1
26617 1
8997 1
26592 1
17806 1
12831 1
9002 1
35017 1
9003 1
35019 1
21688 1
17841 1
52286 1
376 1
43675 1
12843 1
4181 1
8966 1
12850 1
17826 1
8972 1
35054 1
8968 1
17832 1
39386 1
8970 1
48057 1
12859 1
4266 1
13002 1
9211 1
39211 1
30217 1
47949 1
13005 1
39201 1
17746 1
39202 1
12993 1
12998 1
4261 1
12997 1
9198 1
34816 1
9186 1
21616 1
9191 1
9189 1
34823 1
13037 1
9182 1
34867 1
39168 1
4230 1
13030 1
13049 1
21599 1
9153 1
43586 1
17762 1
13046 1
47887 1
39273 1
43576 1
9145 1
9143 1
17685 1
47872 1
4323 1
39293 1
17676 1
12956 1
17675 1
17672 1
9129 1
17668 1
9125 1
26468 1
12946 1
9121 1
9116 1
47918 1
17727 1
17726 1
9119 1
12975 1
9112 1
12968 1
21513 1
12969 1
30314 1
17714 1
12963 1
12989 1
17709 1
9103 1
65533 1
17707 1
34918 1
17697 1
12976 1
8262 1
18149 1
12670 1
559 1
35753 1
553 1
53099 1
567 1
43478 1
8286 1
18117 1
25767 1
8289 1
513 1
53070 1
12637 1
4922 1
8308 1
12615 1
12611 1
30094 1
12617 1
8312 1
43513 1
35810 1
8193 1
22426 1
35819 1
43404 1
12605 1
12578 1
30176 1
22400 1
18103 1
18101 1
18106 1
8218 1
12586 1
43418 1
39626 1
8220 1
577 1
30160 1
8226 1
8229 1
12566 1
18059 1
64600 1
12573 1
8241 1
8245 1
8246 1
22439 1
600 1
12552 1
22442 1
35805 1
25615 1
25612 1
12797 1
22364 1
43343 1
680 1
8391 1
8390 1
22356 1
47223 1
47218 1
35645 1
702 1
5006 1
22351 1
43356 1
703 1
701 1
35641 1
12778 1
12779 1
18037 1
43350 1
35638 1
29988 1
12773 1
8402 1
8400 1
688 1
8401 1
12767 1
8426 1
5050 1
22388 1
8422 1
22384 1
8419 1
43391 1
22381 1
25660 1
8445 1
39470 1
8447 1
25653 1
8437 1
12741 1
18007 1
8434 1
47169 1
12739 1
8331 1
12731 1
8330 1
17961 1
5087 1
22302 1
12732 1
8323 1
43265 1
43268 1
8326 1
30071 1
5078 1
35686 1
8346 1
12714 1
12715 1
35706 1
8345 1
12713 1
766 1
5071 1
22284 1
17971 1
5056 1
12705 1
8342 1
8343 1
12709 1
43304 1
8365 1
8364 1
719 1
12703 1
12702 1
22335 1
12690 1
25700 1
30036 1
22325 1
8359 1
12695 1
8358 1
8382 1
12687 1
22318 1
5089 1
17941 1
4613 1
12389 1
22212 1
35511 1
29863 1
12390 1
8529 1
12387 1
4610 1
12386 1
12399 1
8542 1
39821 1
12392 1
22219 1
4628 1
8517 1
47605 1
12406 1
8513 1
8514 1
18403 1
8515 1
812 1
47614 1
4637 1
8527 1
8522 1
4635 1
18390 1
8565 1
4645 1
786 1
4641 1
43251 1
8560 1
18398 1
29838 1
4651 1
4648 1
8551 1
29846 1
8544 1
8545 1
4657 1
39869 1
43244 1
8559 1
12380 1
8553 1
8469 1
8468 1
12324 1
8470 1
8473 1
4685 1
12333 1
12332 1
18366 1
35581 1
26079 1
4686 1
12334 1
12337 1
12338 1
4691 1
8452 1
43142 1
4694 1
8455 1
18344 1
29944 1
35567 1
43150 1
18351 1
12350 1
39906 1
35539 1
855 1
8501 1
852 1
39912 1
8505 1
4713 1
8511 1
35549 1
12302 1
12301 1
4716 1
8482 1
12306 1
4721 1
12305 1
12310 1
8487 1
4725 1
8491 1
12312 1
8492 1
22205 1
4750 1
43100 1
18302 1
8664 1
4741 1
47459 1
8657 1
4739 1
4766 1
12542 1
4761 1
35371 1
4760 1
25866 1
39704 1
29754 1
29748 1
4758 1
8641 1
4755 1
35361 1
12530 1
35357 1
4780 1
35352 1
4779 1
12491 1
8697 1
4777 1
4775 1
4773 1
4770 1
4768 1
12480 1
4796 1
4795 1
25899 1
39737 1
8681 1
8680 1
47451 1
8676 1
4788 1
39728 1
8674 1
12496 1
4808 1
4809 1
65000 1
8607 1
4800 1
4802 1
8595 1
8596 1
4805 1
12455 1
8585 1
35432 1
8586 1
4826 1
12474 1
43022 1
25933 1
12476 1
8591 1
12479 1
25921 1
8576 1
35425 1
25983 1
12430 1
4847 1
12418 1
29761 1
25975 1
18199 1
12423 1
25973 1
39783 1
8629 1
4837 1
35400 1
18185 1
29791 1
4862 1
39792 1
8615 1
18183 1
25956 1
8612 1
40191 1
1103 1
55357 1
40188 1
5503 1
20919 1
29648 1
20912 1
5486 1
5483 1
29636 1
14085 1
29632 1
55329 1
16559 1
29695 1
25293 1
9738 1
131078 1
29691 1
5466 1
5467 1
1126 1
5462 1
29686 1
40151 1
1125 1
48822 1
9730 1
9729 1
25308 1
20876 1
20877 1
44953 1
29668 1
14117 1
51530 1
5432 1
48858 1
55423 1
45037 1
25249 1
9824 1
55410 1
48850 1
20976 1
5427 1
9829 1
5429 1
5430 1
5431 1
48842 1
25273 1
9848 1
45054 1
16604 1
20960 1
5408 1
29571 1
5410 1
5413 1
20965 1
9802 1
55385 1
16617 1
5400 1
25229 1
9794 1
5394 1
5392 1
25223 1
5396 1
5397 1
29611 1
5385 1
5384 1
29614 1
5391 1
9822 1
9821 1
20940 1
16637 1
5388 1
131165 1
45010 1
5377 1
9808 1
29606 1
20932 1
16629 1
1221 1
25189 1
29527 1
14230 1
25184 1
5617 1
9901 1
16397 1
29533 1
5631 1
25192 1
1237 1
5605 1
5606 1
16406 1
1239 1
9911 1
48642 1
5602 1
20771 1
5603 1
9918 1
9919 1
29518 1
5609 1
5610 1
16422 1
5588 1
5587 1
14259 1
1248 1
44814 1
20764 1
29562 1
25163 1
1257 1
14265 1
20760 1
1267 1
5568 1
29551 1
29550 1
5583 1
5580 1
25180 1
40009 1
5578 1
16442 1
1273 1
5577 1
16450 1
20850 1
9957 1
20853 1
5563 1
25132 1
29468 1
25137 1
5537 1
5539 1
29442 1
14276 1
20836 1
5541 1
16471 1
25143 1
25144 1
14282 1
5547 1
20845 1
20847 1
5550 1
44924 1
5523 1
29491 1
25091 1
9924 1
9931 1
25098 1
9930 1
9929 1
5532 1
5507 1
44882 1
16503 1
9942 1
5511 1
20804 1
20811 1
44889 1
44888 1
5518 1
16509 1
1213 1
29388 1
29386 1
29384 1
20640 1
29405 1
10026 1
25577 1
29396 1
10021 1
29422 1
10015 1
10010 1
36086 1
49063 1
29414 1
49060 1
55554 1
10002 1
16814 1
20632 1
20634 1
16810 1
16805 1
9989 1
25540 1
13878 1
13879 1
25531 1
29321 1
29314 1
1299 1
35985 1
20704 1
1297 1
25521 1
10103 1
29319 1
25525 1
1290 1
29329 1
1280 1
13911 1
10084 1
16888 1
25498 1
36024 1
10077 1
36030 1
25490 1
20676 1
16876 1
25472 1
40341 1
25478 1
20516 1
25459 1
16657 1
25468 1
29259 1
25467 1
25466 1
20521 1
20520 1
35908 1
20535 1
25447 1
44581 1
48918 1
20530 1
29278 1
25454 1
48920 1
20485 1
29286 1
10135 1
25424 1
20495 1
13999 1
20500 1
48950 1
29303 1
10113 1
25408 1
35937 1
16685 1
29304 1
20579 1
25395 1
48960 1
25394 1
48964 1
14026 1
16735 1
25405 1
55794 1
25386 1
55800 1
14041 1
29208 1
10217 1
25384 1
16713 1
10223 1
25388 1
51406 1
14048 1
20544 1
20547 1
14051 1
29222 1
25369 1
20552 1
10201 1
29226 1
10204 1
20562 1
20569 1
40220 1
25358 1
9226 1
36843 1
29182 1
29170 1
21392 1
21396 1
21385 1
55818 1
44444 1
40653 1
1660 1
29154 1
21379 1
29152 1
17072 1
24785 1
44436 1
1653 1
9237 1
21437 1
48287 1
9263 1
48275 1
13591 1
17048 1
13576 1
29131 1
29134 1
48268 1
17054 1
21409 1
9264 1
44467 1
9266 1
29124 1
9269 1
29125 1
9268 1
21414 1
9270 1
13692 1
13693 1
9293 1
29113 1
9286 1
21462 1
24709 1
13680 1
196709 1
17151 1
21453 1
13675 1
24730 1
13673 1
48362 1
9304 1
44507 1
24724 1
9299 1
21501 1
24748 1
21502 1
21497 1
13657 1
29076 1
9318 1
29073 1
21488 1
9313 1
29075 1
24739 1
13645 1
9341 1
29069 1
29071 1
17113 1
29066 1
29061 1
29056 1
9329 1
21473 1
40528 1
24642 1
9351 1
29047 1
16933 1
1764 1
9355 1
29049 1
21277 1
29053 1
16949 1
36727 1
48166 1
9370 1
9371 1
1784 1
1785 1
21263 1
48172 1
6128 1
21299 1
6130 1
1733 1
9381 1
29017 1
36687 1
21310 1
9394 1
21284 1
9398 1
6122 1
36696 1
21294 1
29006 1
1759 1
44356 1
21341 1
24589 1
1705 1
40475 1
17001 1
9416 1
196844 1
17014 1
21312 1
24607 1
13802 1
1723 1
21321 1
28968 1
48234 1
1668 1
44391 1
40498 1
13776 1
6067 1
9443 1
13789 1
36622 1
36623 1
6079 1
13790 1
36621 1
36619 1
21371 1
36617 1
36628 1
28929 1
1680 1
9457 1
36625 1
24626 1
36624 1
24637 1
24638 1
21353 1
13768 1
6057 1
21354 1
6059 1
48200 1
9497 1
48555 1
28906 1
28907 1
9498 1
40911 1
1916 1
28910 1
9503 1
21127 1
9482 1
40927 1
5713 1
9474 1
44160 1
28917 1
21142 1
5738 1
28878 1
17310 1
9534 1
25074 1
21155 1
28870 1
21156 1
196878 1
28891 1
28890 1
28889 1
21182 1
17293 1
13331 1
28881 1
9505 1
48533 1
25061 1
5645 1
1853 1
24989 1
24990 1
28840 1
9560 1
21195 1
21189 1
1836 1
44237 1
13432 1
24971 1
28858 1
24961 1
5650 1
17379 1
24963 1
21202 1
5651 1
21226 1
13385 1
40871 1
28802 1
21219 1
13407 1
9583 1
25003 1
44267 1
44266 1
1798 1
21232 1
44050 1
9625 1
24923 1
48424 1
44056 1
13489 1
9601 1
24896 1
21011 1
2018 1
44038 1
21013 1
9607 1
21016 1
197043 1
36462 1
21021 1
9650 1
24945 1
24951 1
9658 1
28745 1
24953 1
28760 1
24936 1
28761 1
13536 1
9680 1
24848 1
28707 1
1970 1
28717 1
28716 1
28719 1
24863 1
197091 1
5769 1
9689 1
36408 1
9670 1
1955 1
40739 1
17232 1
44158 1
28683 1
9722 1
9723 1
24890 1
9700 1
21107 1
24867 1
17231 1
17228 1
197078 1
28698 1
1930 1
17224 1
28697 1
2200 1
28220 1
41853 1
15296 1
41842 1
23911 1
23910 1
23930 1
36925 1
10990 1
28187 1
6539 1
28186 1
6536 1
50683 1
41820 1
41822 1
10961 1
45669 1
28182 1
23877 1
23899 1
41802 1
19554 1
41798 1
41791 1
23855 1
6639 1
28286 1
10933 1
10929 1
36991 1
10927 1
6648 1
45590 1
32592 1
10913 1
10912 1
10910 1
36943 1
36937 1
23816 1
36932 1
32613 1
36934 1
15267 1
32609 1
33132 1
45629 1
50606 1
15290 1
45626 1
10886 1
33125 1
45623 1
36944 1
36947 1
15169 1
28338 1
41972 1
28343 1
28346 1
28347 1
15180 1
28349 1
32654 1
33154 1
50499 1
15189 1
6453 1
6458 1
6459 1
6461 1
33165 1
41965 1
10835 1
6402 1
15201 1
36994 1
41938 1
6400 1
6407 1
45796 1
36997 1
37004 1
2110 1
6412 1
15219 1
28289 1
19685 1
41931 1
32703 1
45820 1
24029 1
41910 1
6503 1
32705 1
50448 1
6509 1
2140 1
37101 1
6505 1
2116 1
6517 1
2118 1
2119 1
37105 1
10796 1
15133 1
41897 1
33224 1
6471 1
37061 1
41877 1
23939 1
23948 1
15149 1
32748 1
23947 1
6473 1
6487 1
33251 1
50477 1
15164 1
10764 1
45758 1
50472 1
23962 1
2152 1
2153 1
28360 1
37179 1
6332 1
41568 1
11232 1
41571 1
6327 1
19782 1
11259 1
23657 1
45898 1
11260 1
50398 1
50384 1
32787 1
23655 1
41589 1
6298 1
6300 1
37148 1
37137 1
6295 1
41560 1
19836 1
37133 1
2495 1
6395 1
45845 1
6389 1
2500 1
11172 1
6386 1
45841 1
2497 1
28513 1
2527 1
14988 1
6380 1
14989 1
6381 1
19740 1
32327 1
2518 1
2519 1
6372 1
2516 1
2514 1
6364 1
19752 1
6360 1
32869 1
2529 1
11139 1
11164 1
23563 1
2551 1
28576 1
6198 1
50244 1
6197 1
28580 1
23779 1
11127 1
46021 1
6181 1
11074 1
41668 1
32440 1
11081 1
28554 1
6175 1
23745 1
37255 1
41690 1
11096 1
41691 1
32952 1
50297 1
11100 1
41692 1
6263 1
14868 1
2379 1
28649 1
11058 1
23724 1
28669 1
28666 1
23700 1
11014 1
11025 1
28625 1
6221 1
45996 1
33597 1
27678 1
32045 1
7049 1
10457 1
7046 1
45157 1
33588 1
32035 1
32034 1
51185 1
20080 1
7066 1
7065 1
14840 1
2722 1
33569 1
41281 1
14832 1
45135 1
14793 1
7081 1
10490 1
27700 1
2711 1
27702 1
33554 1
2706 1
262731 1
2697 1
45147 1
33544 1
2698 1
10474 1
2688 1
7091 1
41313 1
10466 1
10396 1
14754 1
7106 1
32098 1
24326 1
24324 1
24350 1
45117 1
41230 1
27724 1
7132 1
262712 1
20001 1
41221 1
27768 1
10429 1
7151 1
27774 1
51090 1
2769 1
27765 1
14745 1
14744 1
7162 1
27757 1
2764 1
14751 1
27759 1
51074 1
14743 1
27750 1
14742 1
2614 1
27796 1
32162 1
2611 1
6914 1
41426 1
6912 1
27807 1
24523 1
6922 1
24535 1
14710 1
10310 1
27781 1
2597 1
45298 1
10318 1
2607 1
14717 1
6939 1
2603 1
32184 1
2578 1
24557 1
2588 1
10367 1
20161 1
24560 1
41440 1
2572 1
24572 1
41453 1
27817 1
45274 1
6983 1
45224 1
2683 1
51003 1
33788 1
2687 1
2686 1
2685 1
14636 1
10242 1
27841 1
33765 1
24475 1
14651 1
33770 1
7004 1
33775 1
33774 1
45186 1
7011 1
20115 1
7012 1
10292 1
33748 1
2647 1
24489 1
24490 1
7018 1
24493 1
14608 1
7029 1
45204 1
33739 1
10282 1
14589 1
27917 1
41034 1
20328 1
6805 1
45430 1
27908 1
45425 1
6799 1
10715 1
6789 1
41045 1
24129 1
50928 1
24130 1
6846 1
24186 1
27947 1
20299 1
41066 1
14551 1
33287 1
6833 1
6830 1
6828 1
14537 1
20312 1
24167 1
6821 1
33302 1
40969 1
3043 1
24086 1
6871 1
24077 1
6863 1
6848 1
6849 1
45346 1
6850 1
50864 1
3058 1
6851 1
27986 1
6853 1
6854 1
40981 1
6855 1
6905 1
6910 1
14492 1
6908 1
6903 1
20231 1
45334 1
45321 1
14472 1
6894 1
45324 1
14477 1
33363 1
6881 1
6886 1
2852 1
6677 1
2854 1
6679 1
2848 1
28032 1
20448 1
2860 1
24287 1
41165 1
2856 1
6682 1
20459 1
6661 1
6660 1
45543 1
6663 1
45538 1
6656 1
10578 1
20473 1
6667 1
10587 1
2874 1
2819 1
10607 1
2828 1
20428 1
31877 1
6690 1
6703 1
2847 1
6702 1
33437 1
24299 1
6697 1
45514 1
6736 1
31985 1
2914 1
6739 1
24213 1
41095 1
20388 1
14390 1
31993 1
24218 1
6747 1
24220 1
14399 1
6724 1
6731 1
24203 1
6730 1
28124 1
6735 1
6768 1
6774 1
28135 1
6772 1
2884 1
28138 1
14361 1
2895 1
2901 1
2907 1
6762 1
20376 1
24238 1
31556 1
7654 1
22822 1
37986 1
31554 1
11955 1
22829 1
7660 1
3292 1
7656 1
27257 1
16265 1
7657 1
3269 1
22837 1
16276 1
7668 1
3268 1
7670 1
3267 1
16285 1
49550 1
7679 1
31576 1
34123 1
42775 1
3316 1
7617 1
3313 1
22799 1
53388 1
7631 1
3327 1
16300 1
3320 1
3303 1
3302 1
3301 1
3300 1
42755 1
18479 1
3308 1
7643 1
3216 1
3218 1
12021 1
12025 1
3225 1
31499 1
31501 1
49630 1
31500 1
22894 1
7600 1
16338 1
7602 1
7604 1
7606 1
3209 1
37944 1
53497 1
3212 1
34060 1
3215 1
22911 1
42861 1
393223 1
7552 1
3248 1
16353 1
3249 1
3255 1
3252 1
3253 1
34105 1
31529 1
11992 1
3257 1
16366 1
3262 1
3261 1
7575 1
3239 1
18534 1
34087 1
49640 1
31549 1
7533 1
34270 1
7529 1
11835 1
7521 1
16131 1
31708 1
46749 1
22969 1
7544 1
7545 1
46746 1
34250 1
16154 1
46742 1
16150 1
34245 1
7543 1
34241 1
7539 1
42912 1
22927 1
31727 1
22920 1
7497 1
31720 1
38091 1
42901 1
16164 1
42896 1
34288 1
31715 1
31712 1
38082 1
16160 1
7514 1
22938 1
49451 1
22933 1
34279 1
31732 1
16178 1
18592 1
7469 1
43006 1
16206 1
7470 1
46797 1
46786 1
7459 1
16218 1
31643 1
38072 1
34188 1
42979 1
7473 1
7474 1
27299 1
53366 1
53367 1
16215 1
11867 1
7438 1
31661 1
34224 1
38018 1
31654 1
18678 1
7430 1
38022 1
38040 1
38043 1
3112 1
11854 1
11855 1
23005 1
11852 1
11853 1
34209 1
16243 1
34211 1
11841 1
46836 1
11847 1
16245 1
18695 1
49281 1
16016 1
31323 1
22566 1
49301 1
46849 1
22562 1
27506 1
22561 1
42546 1
33874 1
3549 1
18712 1
22548 1
7381 1
33891 1
31357 1
18734 1
31359 1
7385 1
3561 1
42504 1
46887 1
12180 1
49335 1
12181 1
12182 1
12178 1
33904 1
12179 1
12188 1
42525 1
38220 1
18747 1
16083 1
31251 1
38193 1
16086 1
3462 1
31252 1
31257 1
16095 1
16094 1
22652 1
31261 1
16065 1
42610 1
7332 1
18779 1
31242 1
7342 1
31246 1
22637 1
12284 1
7341 1
3491 1
31283 1
12235 1
33843 1
16097 1
3505 1
7298 1
42583 1
7303 1
31272 1
12252 1
38158 1
42590 1
33991 1
12066 1
12064 1
15879 1
31430 1
12083 1
22691 1
31424 1
31425 1
7260 1
15934 1
15935 1
12041 1
12042 1
42632 1
15924 1
31477 1
27589 1
34021 1
31475 1
42652 1
15915 1
12059 1
22667 1
34034 1
31458 1
15962 1
7228 1
3340 1
3330 1
33920 1
33923 1
18881 1
31376 1
33922 1
12129 1
15958 1
49220 1
22773 1
42727 1
22772 1
33926 1
3333 1
27582 1
7212 1
33951 1
3356 1
42739 1
3344 1
22759 1
18922 1
49262 1
33965 1
3361 1
27524 1
38284 1
15982 1
38285 1
3378 1
42708 1
15974 1
34672 1
31078 1
34676 1
31077 1
31083 1
3836 1
8151 1
31094 1
11398 1
3816 1
18990 1
31100 1
11404 1
15744 1
31042 1
38496 1
8167 1
26742 1
34655 1
15757 1
18972 1
23342 1
3776 1
15763 1
11427 1
11426 1
23352 1
11432 1
3786 1
15772 1
8190 1
38525 1
3790 1
8068 1
11486 1
50173 1
23372 1
15851 1
8075 1
23383 1
31027 1
15857 1
34594 1
11457 1
31025 1
46195 1
3758 1
42313 1
3754 1
30981 1
26677 1
11508 1
19029 1
15808 1
23393 1
30977 1
19024 1
3741 1
50139 1
3737 1
19035 1
15830 1
11491 1
42337 1
3714 1
15836 1
8121 1
15835 1
34568 1
38457 1
19019 1
3707 1
15658 1
42396 1
8002 1
8001 1
34803 1
11274 1
15672 1
11272 1
8025 1
49964 1
34797 1
38610 1
38613 1
11271 1
26821 1
19108 1
34779 1
15626 1
3676 1
8047 1
23456 1
19089 1
46208 1
31172 1
11317 1
19092 1
46215 1
15623 1
8039 1
34772 1
8057 1
19080 1
8060 1
3662 1
8048 1
38640 1
11300 1
8055 1
7949 1
23498 1
42459 1
3640 1
11351 1
38529 1
26769 1
15742 1
31167 1
11342 1
19181 1
15738 1
15735 1
38548 1
46320 1
19169 1
34718 1
15694 1
50011 1
38569 1
15685 1
34711 1
19158 1
19159 1
23520 1
26801 1
38561 1
26803 1
3602 1
31133 1
3597 1
19151 1
23550 1
7992 1
15706 1
26794 1
3595 1
34695 1
15702 1
15703 1
11367 1
15696 1
46385 1
7896 1
30844 1
41998 1
34419 1
11664 1
11666 1
42000 1
15525 1
30827 1
15533 1
26972 1
26978 1
7922 1
38770 1
42020 1
11686 1
38776 1
49800 1
30784 1
38757 1
7911 1
49813 1
7908 1
11706 1
15497 1
27005 1
7829 1
49895 1
4004 1
23126 1
15600 1
26882 1
15612 1
30781 1
49902 1
34347 1
23131 1
15589 1
34358 1
19318 1
46435 1
15587 1
34352 1
7821 1
15598 1
15595 1
7819 1
11739 1
34309 1
30740 1
38710 1
34304 1
26914 1
15570 1
34305 1
30751 1
11758 1
15576 1
11766 1
30726 1
11767 1
15557 1
19283 1
7843 1
30721 1
34323 1
30733 1
23148 1
7850 1
42104 1
26938 1
19373 1
42126 1
7774 1
30960 1
30962 1
15412 1
19366 1
38861 1
49715 1
11537 1
15399 1
30950 1
42132 1
30943 1
7795 1
38896 1
15377 1
11556 1
11557 1
19332 1
7784 1
34525 1
15373 1
3933 1
7788 1
34513 1
15366 1
7782 1
38809 1
19435 1
42184 1
19429 1
30902 1
34467 1
15469 1
38797 1
49788 1
38794 1
30889 1
30890 1
49785 1
7684 1
15463 1
30880 1
46562 1
30881 1
7682 1
19406 1
7738 1
19401 1
15440 1
19422 1
15435 1
34456 1
27066 1
11643 1
27064 1
27065 1
7718 1
7717 1
7714 1
46529 1
7713 1
42226 1
