8801 1
1 1
35207 1
8804 1
4 1
44009 1
35213 1
35219 1
8816 1
17619 1
26292 1
8821 1
35223 1
8820 1
17621 1
44020 1
8823 1
17622 1
17623 1
8825 1
44027 1
24 1
17625 1
26299 1
26 1
44030 1
26300 1
34 1
8771 1
35 1
32 1
17633 1
43973 1
8774 1
17639 1
35236 1
17638 1
43975 1
35238 1
26251 1
8778 1
42 1
8779 1
35244 1
17645 1
8781 1
35249 1
26259 1
8784 1
43989 1
35254 1
8788 1
17659 1
43994 1
57 1
26271 1
8798 1
17660 1
43999 1
8741 1
70 1
43940 1
71 1
64 1
8737 1
17536 1
26339 1
43936 1
8749 1
8751 1
8744 1
35274 1
17547 1
17557 1
43957 1
8758 1
17559 1
81 1
35283 1
80 1
17554 1
43966 1
35294 1
8764 1
17565 1
8767 1
26360 1
35291 1
8760 1
88 1
17561 1
8763 1
8711 1
43911 1
8708 1
35302 1
101 1
35297 1
8718 1
35311 1
8717 1
17579 1
26312 1
35313 1
26335 1
8732 1
35320 1
8728 1
43882 1
137 1
8938 1
17483 1
35087 1
8943 1
17486 1
8928 1
17477 1
43877 1
8953 1
8954 1
17498 1
17501 1
26174 1
35091 1
43890 1
145 1
26163 1
17492 1
43892 1
151 1
17494 1
35112 1
8905 1
43852 1
174 1
35118 1
173 1
35104 1
17506 1
8897 1
43843 1
8903 1
17511 1
17530 1
17529 1
8926 1
35132 1
17534 1
8925 1
8915 1
8918 1
26134 1
8877 1
17420 1
8879 1
43821 1
206 1
35144 1
17419 1
8871 1
35141 1
17408 1
26209 1
17409 1
26210 1
195 1
8866 1
194 1
8893 1
17439 1
8895 1
43833 1
17435 1
43832 1
43831 1
26228 1
17431 1
26230 1
26225 1
43826 1
8881 1
209 1
210 1
17426 1
8847 1
237 1
8844 1
17451 1
8841 1
35179 1
8839 1
8838 1
17447 1
17444 1
26181 1
35168 1
226 1
224 1
17469 1
43801 1
17465 1
43802 1
35189 1
26198 1
8855 1
17459 1
8851 1
43764 1
278 1
276 1
34968 1
26554 1
9080 1
286 1
9085 1
34975 1
17857 1
43746 1
34948 1
9063 1
43751 1
34953 1
9066 1
34955 1
43754 1
9070 1
270 1
271 1
52302 1
306 1
9044 1
43733 1
34997 1
17911 1
35002 1
17913 1
35000 1
9051 1
9050 1
17916 1
35007 1
17917 1
35004 1
17918 1
17888 1
34977 1
9026 1
26501 1
292 1
293 1
17895 1
9031 1
26505 1
17897 1
297 1
34984 1
43727 1
302 1
9039 1
17814 1
26613 1
26608 1
9009 1
26609 1
9008 1
9021 1
17820 1
43711 1
35032 1
35033 1
17819 1
17816 1
26617 1
17799 1
8997 1
26592 1
17806 1
35017 1
9002 1
9003 1
35019 1
9000 1
35018 1
35062 1
35063 1
43668 1
52276 1
17841 1
52286 1
43679 1
8990 1
43675 1
35067 1
376 1
378 1
35047 1
17828 1
8966 1
35041 1
17826 1
8972 1
35054 1
8968 1
17832 1
8970 1
9211 1
17754 1
9208 1
9202 1
17746 1
9205 1
9194 1
34829 1
26415 1
9198 1
34816 1
9186 1
9191 1
17734 1
9189 1
34823 1
34875 1
17785 1
34874 1
17787 1
9182 1
34867 1
34858 1
43595 1
9163 1
9165 1
34863 1
9167 1
43586 1
9153 1
34848 1
9155 1
17762 1
43588 1
17766 1
9146 1
43576 1
9145 1
9143 1
17686 1
17685 1
9141 1
17683 1
26482 1
9136 1
34898 1
9137 1
26479 1
17676 1
43561 1
17675 1
9129 1
17672 1
26473 1
9127 1
17670 1
26468 1
9125 1
17668 1
43559 1
43554 1
9121 1
9116 1
43550 1
9117 1
17727 1
9119 1
17726 1
9112 1
17721 1
9113 1
43545 1
43542 1
26452 1
43541 1
9110 1
17719 1
34932 1
9104 1
43538 1
9105 1
43537 1
17714 1
17709 1
26446 1
9103 1
34925 1
17705 1
17707 1
34918 1
34916 1
17696 1
17697 1
34913 1
8262 1
18151 1
18150 1
18149 1
549 1
43457 1
35745 1
8258 1
18146 1
558 1
559 1
557 1
35753 1
53099 1
553 1
567 1
43478 1
35760 1
8286 1
8285 1
35768 1
8282 1
53115 1
25752 1
8280 1
35719 1
18117 1
35717 1
25767 1
18119 1
18118 1
8289 1
513 1
53070 1
8301 1
35725 1
18127 1
8309 1
8308 1
25782 1
8311 1
8304 1
53087 1
8319 1
43517 1
8312 1
43513 1
35737 1
8194 1
611 1
43395 1
8192 1
18081 1
35810 1
8193 1
35819 1
35818 1
8201 1
43404 1
8207 1
18092 1
18102 1
43413 1
18103 1
18101 1
18106 1
8218 1
18107 1
43418 1
18104 1
53050 1
25817 1
18105 1
35838 1
18108 1
8220 1
577 1
8226 1
35776 1
8228 1
8229 1
35785 1
18059 1
18061 1
35788 1
8241 1
43443 1
8240 1
25843 1
594 1
8245 1
18068 1
25847 1
8246 1
8249 1
600 1
8251 1
603 1
35804 1
43453 1
35805 1
25615 1
25612 1
43343 1
8395 1
53224 1
8393 1
35627 1
680 1
8391 1
43333 1
8390 1
43334 1
35622 1
25602 1
8387 1
35617 1
8386 1
35645 1
702 1
43356 1
703 1
8412 1
701 1
35641 1
8410 1
35640 1
18042 1
8404 1
18037 1
43350 1
35638 1
8402 1
8400 1
688 1
18033 1
8401 1
8431 1
43373 1
17999 1
17992 1
43371 1
8426 1
43366 1
25636 1
17990 1
43365 1
8422 1
8416 1
35584 1
8419 1
43391 1
668 1
25660 1
8445 1
35612 1
8447 1
8440 1
25658 1
8443 1
25653 1
8437 1
18007 1
8439 1
18001 1
35602 1
35601 1
25651 1
8434 1
43376 1
18002 1
8331 1
8330 1
745 1
43275 1
17961 1
8323 1
43265 1
17955 1
43268 1
17958 1
8326 1
35686 1
25668 1
43289 1
8346 1
25689 1
760 1
17977 1
35706 1
8345 1
43293 1
766 1
8338 1
17971 1
8339 1
17970 1
8342 1
43284 1
8343 1
17974 1
43304 1
25706 1
715 1
8365 1
8364 1
719 1
17934 1
17920 1
35649 1
25700 1
17924 1
35655 1
8359 1
8358 1
8376 1
25720 1
53144 1
43327 1
8382 1
17951 1
8368 1
8369 1
53137 1
8371 1
17941 1
8374 1
35511 1
8534 1
8529 1
819 1
35505 1
8530 1
818 1
35518 1
35516 1
8542 1
43226 1
18405 1
8517 1
43205 1
35491 1
8513 1
18400 1
8514 1
18403 1
8515 1
803 1
812 1
18413 1
43213 1
8527 1
35499 1
8522 1
18390 1
8565 1
786 1
43251 1
8560 1
18398 1
8569 1
8568 1
8551 1
8546 1
8544 1
8545 1
43244 1
8559 1
781 1
35467 1
43242 1
8553 1
43153 1
26068 1
8469 1
35575 1
8468 1
35573 1
8470 1
8473 1
18366 1
35581 1
26079 1
8449 1
8452 1
43142 1
35558 1
8455 1
43146 1
8457 1
18344 1
18347 1
43144 1
35567 1
43150 1
8462 1
18351 1
26096 1
35539 1
855 1
8501 1
852 1
43192 1
8505 1
26105 1
35548 1
8511 1
43197 1
35549 1
35550 1
8482 1
8486 1
8487 1
8491 1
35531 1
8489 1
8495 1
8492 1
43103 1
35391 1
25885 1
35389 1
25887 1
43100 1
18302 1
8664 1
35385 1
35381 1
8657 1
35374 1
43082 1
8649 1
35371 1
8648 1
25866 1
35369 1
35362 1
8641 1
43075 1
35361 1
35357 1
18268 1
35352 1
43130 1
8697 1
8692 1
18259 1
25905 1
25904 1
43118 1
8685 1
43112 1
25899 1
8681 1
8680 1
35332 1
43109 1
43110 1
8677 1
8676 1
18245 1
35329 1
8674 1
43106 1
8672 1
8601 1
35449 1
8607 1
8592 1
43024 1
8595 1
43031 1
8596 1
18229 1
35434 1
8585 1
35432 1
8586 1
43022 1
25932 1
25933 1
8591 1
43011 1
25921 1
8576 1
18209 1
35425 1
8580 1
18203 1
43067 1
8632 1
18201 1
25976 1
18200 1
25983 1
8636 1
43070 1
43061 1
25975 1
18199 1
25973 1
8629 1
35400 1
35401 1
18185 1
43055 1
35393 1
8608 1
8615 1
43045 1
8614 1
18183 1
25956 1
8613 1
8612 1
16524 1
44973 1
1103 1
9768 1
9770 1
16523 1
44963 1
16540 1
9790 1
9785 1
25330 1
16531 1
44941 1
16559 1
25293 1
16557 1
9738 1
131078 1
9737 1
1126 1
36327 1
1125 1
9730 1
25282 1
9731 1
36323 1
1120 1
9729 1
25308 1
51518 1
44953 1
9749 1
1140 1
25299 1
51530 1
9835 1
45037 1
36236 1
25249 1
9824 1
25248 1
25251 1
9829 1
45029 1
9831 1
16582 1
25272 1
25273 1
9848 1
36248 1
45054 1
16604 1
51543 1
9845 1
25227 1
9802 1
25226 1
16617 1
9801 1
36269 1
25229 1
36270 1
9794 1
16610 1
16608 1
25223 1
9797 1
9822 1
9821 1
9820 1
16637 1
16626 1
45010 1
131165 1
25233 1
9808 1
45013 1
9814 1
16629 1
44838 1
1221 1
25189 1
9892 1
25184 1
9889 1
9901 1
16397 1
9902 1
16399 1
25192 1
44843 1
1226 1
9908 1
1237 1
9911 1
1239 1
16406 1
9905 1
16413 1
9918 1
131250 1
9919 1
1241 1
16422 1
25159 1
1251 1
1249 1
1248 1
16417 1
44814 1
25163 1
1257 1
36215 1
9876 1
1267 1
25183 1
16445 1
44830 1
36222 1
25180 1
16442 1
36219 1
1273 1
16450 1
9957 1
16455 1
25132 1
44911 1
25137 1
16467 1
44919 1
36117 1
25143 1
16471 1
25145 1
9976 1
16473 1
25144 1
25148 1
44924 1
25150 1
36128 1
25091 1
9927 1
9925 1
16484 1
9924 1
25098 1
9931 1
9930 1
9929 1
36142 1
44882 1
16496 1
44885 1
36149 1
9942 1
16503 1
44889 1
44888 1
44890 1
9950 1
16509 1
44894 1
1213 1
16798 1
25596 1
36057 1
25592 1
16791 1
25584 1
10032 1
10029 1
10026 1
51210 1
25577 1
10021 1
10019 1
44706 1
16828 1
10012 1
44700 1
10015 1
25560 1
10010 1
36086 1
10002 1
44687 1
25549 1
16814 1
44683 1
44682 1
9993 1
16811 1
16810 1
16805 1
25540 1
9989 1
25542 1
25531 1
25528 1
10105 1
25534 1
25532 1
1299 1
35985 1
10098 1
16851 1
25520 1
1297 1
25521 1
10103 1
16852 1
44791 1
25525 1
25515 1
1290 1
16842 1
25513 1
25512 1
25519 1
1294 1
35983 1
16835 1
16834 1
25505 1
1280 1
25504 1
44775 1
25509 1
10084 1
16888 1
36024 1
25498 1
36025 1
36030 1
10077 1
36031 1
25489 1
25490 1
16876 1
36012 1
44739 1
25473 1
25472 1
1315 1
16866 1
25478 1
25459 1
16657 1
44604 1
25468 1
16668 1
25467 1
44600 1
25466 1
35908 1
25446 1
44581 1
25447 1
10145 1
44579 1
25441 1
35916 1
25454 1
44587 1
51380 1
10135 1
25424 1
35953 1
44575 1
16700 1
10143 1
10139 1
10118 1
44546 1
25408 1
10113 1
35937 1
16685 1
51373 1
44552 1
25395 1
25394 1
10224 1
51411 1
10228 1
16724 1
16729 1
10238 1
16735 1
25406 1
44671 1
25405 1
1408 1
44647 1
35847 1
25386 1
25384 1
10217 1
16713 1
35852 1
10223 1
1423 1
16718 1
25388 1
51406 1
10220 1
44627 1
35891 1
25369 1
10201 1
25370 1
10204 1
25372 1
35874 1
44611 1
16739 1
51431 1
25351 1
25358 1
9226 1
24778 1
36843 1
24783 1
9229 1
44416 1
17057 1
24794 1
1659 1
44444 1
1660 1
24787 1
17072 1
24785 1
44436 1
9237 1
1653 1
9258 1
24810 1
9260 1
9263 1
24804 1
9255 1
17048 1
36824 1
17054 1
44467 1
9264 1
1616 1
9266 1
9269 1
9268 1
44468 1
36820 1
24822 1
9270 1
9293 1
44491 1
9286 1
24710 1
17126 1
24709 1
1569 1
17151 1
9308 1
17149 1
24730 1
24731 1
44507 1
9304 1
9303 1
24724 1
9300 1
24722 1
9299 1
9298 1
17139 1
44498 1
9297 1
24748 1
9325 1
9326 1
24750 1
44522 1
1547 1
9316 1
9318 1
44514 1
9313 1
24739 1
44512 1
9315 1
44542 1
9341 1
9340 1
9336 1
17113 1
24762 1
1562 1
9329 1
24642 1
16928 1
44291 1
24641 1
9351 1
1767 1
1764 1
16933 1
9355 1
9354 1
16942 1
16943 1
44302 1
44304 1
36727 1
24661 1
16949 1
9365 1
16948 1
9370 1
36728 1
9371 1
24665 1
1784 1
1785 1
36733 1
9374 1
36732 1
1789 1
9381 1
1733 1
24679 1
16905 1
1741 1
36687 1
1742 1
24689 1
9394 1
9396 1
16916 1
44341 1
9398 1
16921 1
24699 1
36696 1
24703 1
1759 1
44356 1
36645 1
24579 1
24576 1
24589 1
24586 1
44362 1
1705 1
9416 1
17001 1
24599 1
44372 1
17014 1
44375 1
17012 1
24593 1
24592 1
44381 1
24607 1
9439 1
44383 1
1723 1
17018 1
24612 1
44391 1
1668 1
16966 1
16967 1
44387 1
24609 1
9443 1
24611 1
36622 1
36623 1
36621 1
44395 1
36619 1
36617 1
16971 1
24631 1
9462 1
16983 1
36628 1
1680 1
9457 1
36625 1
24627 1
36624 1
24626 1
24637 1
44412 1
24638 1
9471 1
24634 1
9497 1
17338 1
44185 1
9498 1
1916 1
9503 1
9482 1
9484 1
9474 1
44160 1
9476 1
44217 1
25081 1
1880 1
17305 1
25086 1
1887 1
17310 1
9534 1
25084 1
44208 1
25074 1
36563 1
9526 1
25076 1
25071 1
9519 1
17293 1
9506 1
9505 1
25061 1
1853 1
24989 1
24990 1
17400 1
9560 1
17402 1
9556 1
9553 1
1840 1
1842 1
1836 1
44237 1
24971 1
1835 1
9541 1
51813 1
24961 1
24963 1
17379 1
24962 1
17378 1
44285 1
44286 1
17373 1
51800 1
25019 1
17368 1
9587 1
36498 1
25008 1
9584 1
36493 1
9583 1
17356 1
44265 1
25003 1
25002 1
1803 1
44267 1
25001 1
44266 1
1798 1
1797 1
44257 1
24995 1
44256 1
44050 1
9618 1
24914 1
24916 1
9622 1
9625 1
24923 1
2042 1
44056 1
9627 1
2044 1
44062 1
24896 1
9601 1
17185 1
2018 1
44038 1
9607 1
9609 1
24905 1
36462 1
36463 1
17197 1
9614 1
9650 1
24945 1
24951 1
17175 1
36436 1
9652 1
24955 1
9658 1
24953 1
9656 1
17183 1
24958 1
36416 1
44072 1
24936 1
17166 1
1998 1
24940 1
24852 1
9680 1
1968 1
24848 1
1970 1
24863 1
1982 1
17279 1
44124 1
36412 1
24862 1
9689 1
36408 1
17253 1
17254 1
9670 1
24832 1
17248 1
1955 1
24835 1
36394 1
9674 1
36374 1
24881 1
36370 1
17232 1
24893 1
44158 1
44153 1
36377 1
9722 1
24890 1
9723 1
51930 1
24889 1
1945 1
17223 1
9700 1
44128 1
24867 1
24864 1
17230 1
17231 1
17228 1
17229 1
17226 1
24875 1
1930 1
17227 1
24872 1
17224 1
17225 1
2200 1
41854 1
28220 1
41853 1
41843 1
41842 1
10993 1
41847 1
19529 1
19530 1
28207 1
10990 1
28192 1
41824 1
28196 1
41828 1
28198 1
28199 1
33081 1
28187 1
10970 1
28186 1
50683 1
33082 1
41820 1
10972 1
19581 1
41822 1
33073 1
50673 1
41811 1
33074 1
10961 1
50677 1
28182 1
10965 1
33065 1
10954 1
41802 1
28168 1
41803 1
19567 1
10947 1
19554 1
41798 1
28165 1
41791 1
33119 1
28285 1
41789 1
28286 1
10933 1
28279 1
19479 1
10929 1
10930 1
10927 1
33098 1
50569 1
28266 1
41765 1
10913 1
50562 1
10912 1
10910 1
10911 1
19515 1
28250 1
50618 1
41749 1
50615 1
41750 1
28244 1
33132 1
50607 1
50606 1
50600 1
33130 1
28233 1
50597 1
33125 1
10886 1
10883 1
33122 1
10881 1
2065 1
28338 1
41972 1
28343 1
2072 1
41976 1
28346 1
28347 1
28349 1
10848 1
2048 1
50499 1
33154 1
19653 1
50503 1
41957 1
2055 1
28329 1
50507 1
41967 1
41965 1
33165 1
10835 1
41937 1
10834 1
41938 1
33203 1
28310 1
10838 1
41943 1
2107 1
41947 1
2110 1
19711 1
41951 1
41920 1
10819 1
28289 1
33189 1
10823 1
19685 1
41931 1
19693 1
41910 1
50448 1
2140 1
41913 1
2116 1
2118 1
2119 1
50434 1
19586 1
10796 1
41900 1
41898 1
41897 1
10794 1
33224 1
41877 1
28368 1
41887 1
41881 1
41863 1
10756 1
33251 1
10753 1
50477 1
10764 1
50472 1
41867 1
2152 1
28360 1
2153 1
19624 1
11242 1
41568 1
41571 1
11232 1
41572 1
19782 1
19803 1
11259 1
2457 1
19800 1
50398 1
41599 1
28477 1
11260 1
50384 1
41585 1
32787 1
41589 1
32791 1
41546 1
19817 1
19809 1
50400 1
19835 1
41560 1
19836 1
2495 1
41552 1
11221 1
2510 1
50315 1
41508 1
41511 1
11172 1
2500 1
28512 1
2497 1
28513 1
11168 1
2527 1
19740 1
11195 1
11192 1
2518 1
2519 1
32855 1
2516 1
2514 1
28495 1
19752 1
41476 1
19750 1
32869 1
2529 1
32867 1
50337 1
11139 1
32865 1
28509 1
11164 1
28511 1
28510 1
32890 1
2554 1
41496 1
2549 1
28502 1
2551 1
28497 1
2544 1
28576 1
50244 1
28580 1
11114 1
41704 1
50253 1
28589 1
32915 1
28598 1
11127 1
41719 1
11074 1
41668 1
11081 1
28555 1
28554 1
41682 1
50295 1
50292 1
50299 1
41690 1
41691 1
32955 1
11096 1
50297 1
32952 1
32959 1
11100 1
41692 1
41639 1
19844 1
50177 1
19855 1
28654 1
11055 1
28653 1
2381 1
11051 1
2379 1
28649 1
19863 1
32976 1
11058 1
2386 1
11071 1
28669 1
28666 1
28667 1
19864 1
41659 1
41606 1
11013 1
11014 1
19875 1
41600 1
50223 1
41622 1
19893 1
11030 1
2422 1
28624 1
11025 1
28625 1
19889 1
11032 1
33597 1
27678 1
41305 1
41307 1
10457 1
33588 1
51190 1
10452 1
27668 1
51184 1
51185 1
20081 1
262761 1
20080 1
20077 1
33576 1
2728 1
51172 1
51169 1
41281 1
33569 1
27651 1
2722 1
2721 1
33567 1
41340 1
20057 1
10490 1
2715 1
27700 1
27702 1
2711 1
10480 1
33554 1
27696 1
10481 1
2706 1
2707 1
262731 1
27693 1
27695 1
2697 1
33544 1
10475 1
10474 1
2698 1
262748 1
10464 1
2688 1
33536 1
41313 1
10466 1
27742 1
10396 1
10397 1
20018 1
27734 1
20021 1
20015 1
41230 1
27724 1
20012 1
20013 1
20002 1
27715 1
262712 1
20001 1
41221 1
27716 1
27717 1
27768 1
27773 1
10429 1
10430 1
27774 1
51090 1
2769 1
27765 1
27767 1
51093 1
27755 1
27757 1
2764 1
19982 1
27759 1
51074 1
19969 1
33606 1
27750 1
262687 1
27751 1
10326 1
2614 1
27796 1
41424 1
2611 1
41426 1
41427 1
27807 1
33701 1
10310 1
41412 1
10311 1
27781 1
2597 1
2594 1
20193 1
33698 1
10318 1
20207 1
41420 1
2607 1
20205 1
2602 1
33704 1
2603 1
51028 1
20183 1
10352 1
2576 1
33680 1
10355 1
2578 1
2588 1
10367 1
51034 1
2586 1
27814 1
20161 1
41440 1
2572 1
41453 1
27822 1
27817 1
50993 1
41360 1
20144 1
41364 1
2683 1
41369 1
51003 1
33788 1
10271 1
2687 1
2686 1
2685 1
10242 1
33763 1
27841 1
33765 1
33764 1
33770 1
50989 1
2671 1
33775 1
20141 1
33774 1
20115 1
41398 1
41399 1
27893 1
10292 1
33748 1
2647 1
27895 1
41403 1
50968 1
41401 1
27900 1
20096 1
20101 1
27876 1
10278 1
33739 1
27881 1
10282 1
2634 1
27884 1
2637 1
41388 1
41038 1
33327 1
27917 1
41034 1
20328 1
33321 1
27908 1
10692 1
41024 1
27932 1
50941 1
27929 1
27930 1
10715 1
10708 1
41045 1
50930 1
27920 1
50928 1
41068 1
27948 1
27947 1
20299 1
41066 1
33287 1
27966 1
41082 1
20312 1
33302 1
10738 1
50898 1
50857 1
27978 1
40969 1
20257 1
3043 1
10653 1
33404 1
50864 1
40977 1
3058 1
27986 1
40981 1
20225 1
20231 1
20255 1
28028 1
10674 1
41008 1
33363 1
33362 1
10678 1
2852 1
41158 1
41157 1
2854 1
2848 1
28032 1
20448 1
2860 1
2861 1
41165 1
41164 1
2856 1
2857 1
20459 1
10583 1
41168 1
28050 1
10578 1
33470 1
20473 1
41176 1
10587 1
2874 1
2820 1
41185 1
10594 1
2819 1
2830 1
10607 1
2828 1
20428 1
50763 1
2839 1
2847 1
33437 1
33438 1
41209 1
50723 1
2914 1
41095 1
20388 1
28103 1
2920 1
50729 1
41101 1
33517 1
20401 1
33529 1
28124 1
20412 1
20413 1
20355 1
28135 1
2884 1
41126 1
33481 1
28138 1
2895 1
28141 1
41134 1
2899 1
28147 1
20374 1
10550 1
2901 1
2900 1
2907 1
41145 1
28155 1
2905 1
20376 1
2911 1
33502 1
41151 1
42803 1
34129 1
11955 1
3292 1
11966 1
27257 1
11960 1
34138 1
27258 1
3291 1
3269 1
34119 1
3268 1
3265 1
42787 1
3267 1
49550 1
11951 1
34123 1
34120 1
27243 1
18487 1
42775 1
3316 1
18485 1
3312 1
11921 1
3313 1
42781 1
3327 1
18494 1
49598 1
27229 1
3324 1
3322 1
18491 1
34168 1
18490 1
34171 1
3320 1
18489 1
18488 1
3303 1
3302 1
3301 1
3300 1
34144 1
42754 1
42755 1
11919 1
18479 1
49583 1
34159 1
3308 1
11915 1
3307 1
18474 1
3304 1
3216 1
34065 1
3218 1
12021 1
27193 1
12025 1
3225 1
3226 1
49630 1
42877 1
27168 1
27169 1
34052 1
12006 1
3209 1
3208 1
34056 1
3213 1
18508 1
49614 1
3212 1
34060 1
3215 1
42861 1
11986 1
393223 1
3248 1
3249 1
3254 1
3255 1
42839 1
3252 1
3253 1
34105 1
42840 1
34104 1
11992 1
3257 1
3262 1
11996 1
3261 1
34081 1
27139 1
11970 1
393237 1
42819 1
11975 1
3239 1
18534 1
3238 1
34087 1
11979 1
3243 1
49640 1
42825 1
11976 1
3245 1
42831 1
34270 1
11837 1
49434 1
34267 1
11835 1
49432 1
42937 1
34265 1
27382 1
11830 1
42931 1
42927 1
34251 1
11816 1
34250 1
11817 1
34248 1
49414 1
11812 1
18565 1
27364 1
34245 1
11814 1
42916 1
34244 1
18566 1
34243 1
34241 1
42912 1
42909 1
11806 1
42910 1
18618 1
42901 1
34295 1
11796 1
42896 1
34288 1
34289 1
49458 1
27345 1
42892 1
42894 1
49451 1
34279 1
34275 1
11776 1
18592 1
27320 1
27321 1
27322 1
34201 1
43006 1
49502 1
27325 1
34204 1
11888 1
18647 1
34187 1
3081 1
18632 1
34190 1
34188 1
18638 1
42979 1
18624 1
34177 1
27299 1
34180 1
34232 1
11867 1
18683 1
42973 1
18687 1
3132 1
34224 1
18678 1
42965 1
18666 1
3112 1
42954 1
27272 1
42957 1
34221 1
11854 1
11855 1
42959 1
11852 1
11853 1
42945 1
34209 1
34211 1
11841 1
11847 1
11845 1
42532 1
12199 1
3527 1
18695 1
33863 1
49281 1
33868 1
33871 1
33864 1
27498 1
49291 1
49301 1
42548 1
18710 1
27506 1
33875 1
18705 1
42546 1
33874 1
33885 1
12222 1
12223 1
3549 1
42555 1
33883 1
3544 1
18712 1
33891 1
12163 1
42510 1
33902 1
18734 1
12169 1
3561 1
42504 1
18730 1
12180 1
49335 1
42518 1
27476 1
12181 1
12182 1
42516 1
33907 1
12178 1
33904 1
12179 1
12188 1
42525 1
33915 1
3578 1
18747 1
42596 1
33796 1
3462 1
12260 1
27434 1
49352 1
3464 1
12271 1
49360 1
12274 1
42610 1
27446 1
3479 1
27445 1
18779 1
49371 1
33823 1
12284 1
49377 1
3491 1
49381 1
12235 1
42574 1
49389 1
33843 1
42578 1
33842 1
3505 1
33840 1
42583 1
18806 1
49403 1
12252 1
42590 1
33852 1
33997 1
27631 1
42668 1
33999 1
12076 1
49160 1
27625 1
33991 1
12068 1
27620 1
12069 1
12066 1
49154 1
12064 1
12094 1
49183 1
18840 1
49178 1
18839 1
12083 1
27597 1
34030 1
12041 1
12042 1
42632 1
27589 1
12036 1
34021 1
12033 1
18851 1
42624 1
42652 1
12059 1
3450 1
3447 1
49204 1
34034 1
42643 1
18865 1
34033 1
18895 1
3340 1
33934 1
3330 1
33920 1
33923 1
27553 1
18881 1
33922 1
27552 1
12129 1
3329 1
49220 1
33924 1
18886 1
42727 1
18885 1
49223 1
33926 1
3333 1
3352 1
27582 1
3359 1
33951 1
3356 1
12145 1
42739 1
3344 1
12150 1
42742 1
33942 1
42699 1
3369 1
3370 1
18922 1
49262 1
33965 1
12111 1
3360 1
12097 1
3361 1
42695 1
27524 1
12121 1
33983 1
12124 1
33970 1
27537 1
12112 1
3378 1
42708 1
34672 1
34676 1
3833 1
3836 1
42244 1
34660 1
34661 1
11398 1
11403 1
11402 1
3816 1
18990 1
50094 1
11404 1
50066 1
11440 1
26742 1
42298 1
3801 1
42303 1
34655 1
18972 1
11455 1
3776 1
11427 1
11426 1
50054 1
42277 1
34629 1
11432 1
3786 1
3789 1
26733 1
50060 1
3790 1
3766 1
50165 1
3764 1
34610 1
11486 1
50173 1
3770 1
42310 1
26627 1
42306 1
34594 1
11457 1
3745 1
11456 1
34604 1
3758 1
3755 1
42313 1
3754 1
34602 1
26677 1
11508 1
19029 1
42358 1
11509 1
50130 1
19024 1
50128 1
42352 1
42366 1
34590 1
3741 1
3742 1
34588 1
50139 1
42362 1
3737 1
19035 1
34584 1
19008 1
42339 1
19009 1
42336 1
11491 1
42337 1
3714 1
34572 1
34573 1
42346 1
19016 1
3720 1
34568 1
34569 1
19019 1
3707 1
42395 1
42396 1
49983 1
34814 1
19120 1
34803 1
11280 1
26838 1
3701 1
3700 1
26827 1
11274 1
19114 1
11272 1
49964 1
34797 1
19117 1
26819 1
34784 1
34786 1
3681 1
11270 1
49957 1
11271 1
26821 1
11269 1
19108 1
34779 1
42430 1
3676 1
26878 1
34781 1
34770 1
19089 1
11317 1
19092 1
34775 1
42420 1
34772 1
19094 1
49931 1
42410 1
19080 1
34761 1
19082 1
3662 1
3663 1
42402 1
34752 1
11300 1
26854 1
34748 1
11359 1
42456 1
42459 1
3640 1
11351 1
34743 1
26769 1
11342 1
19182 1
50030 1
11340 1
19181 1
50027 1
50020 1
42439 1
11333 1
42432 1
19170 1
34723 1
26753 1
19169 1
34718 1
50011 1
42490 1
34714 1
26810 1
3605 1
34711 1
42484 1
26806 1
11383 1
19158 1
34709 1
19159 1
19152 1
26801 1
26803 1
3602 1
3597 1
42477 1
19151 1
3599 1
3593 1
11370 1
26794 1
3595 1
34695 1
26788 1
11367 1
42466 1
34688 1
34402 1
19234 1
11650 1
26954 1
41998 1
34419 1
11664 1
11666 1
42000 1
42005 1
34427 1
34426 1
11675 1
19261 1
49855 1
34430 1
26972 1
19262 1
26978 1
42017 1
42020 1
34372 1
11686 1
11691 1
49800 1
19214 1
19215 1
11693 1
42031 1
49808 1
26994 1
11696 1
34389 1
49813 1
34393 1
4058 1
11706 1
34397 1
11711 1
27005 1
11708 1
49895 1
4004 1
4007 1
19296 1
11712 1
26882 1
11714 1
49902 1
26895 1
34347 1
49897 1
34358 1
49909 1
19318 1
34352 1
26898 1
34362 1
11739 1
34309 1
19271 1
34304 1
26914 1
42081 1
34305 1
11745 1
11758 1
34318 1
34312 1
42090 1
49866 1
34315 1
34325 1
26935 1
11766 1
19287 1
11767 1
34326 1
19283 1
34323 1
42109 1
11774 1
42108 1
42110 1
19291 1
42104 1
26938 1
11530 1
19373 1
42126 1
3949 1
11522 1
11524 1
42116 1
19366 1
34554 1
19384 1
34555 1
34552 1
34558 1
11550 1
49715 1
11537 1
34547 1
34550 1
19381 1
42132 1
34549 1
19383 1
11562 1
11563 1
3912 1
34509 1
19331 1
34501 1
11556 1
11557 1
19332 1
3931 1
19355 1
19358 1
34525 1
3933 1
34513 1
3927 1
49687 1
34518 1
3925 1
49774 1
34476 1
42187 1
19435 1
42184 1
11588 1
19429 1
34470 1
19430 1
34467 1
27008 1
3900 1
19453 1
49788 1
49785 1
27026 1
34444 1
3855 1
19406 1
49743 1
19401 1
19397 1
27044 1
19395 1
19422 1
34456 1
27066 1
11643 1
27064 1
42235 1
27065 1
42226 1
42227 1
3856 1
39091 1
22002 1
22006 1
13144 1
30619 1
22011 1
13147 1
39102 1
13121 1
47809 1
13122 1
47814 1
13124 1
13127 1
21992 1
39087 1
39084 1
39056 1
13174 1
47862 1
13173 1
13178 1
21976 1
47869 1
30653 1
13180 1
21980 1
39040 1
39042 1
47843 1
39045 1
4358 1
30628 1
65069 1
39054 1
39055 1
13076 1
65108 1
4470 1
21943 1
47764 1
39156 1
13079 1
65104 1
39153 1
39167 1
21949 1
30686 1
21947 1
47748 1
13062 1
21922 1
13058 1
39150 1
13069 1
39151 1
13065 1
30666 1
4459 1
39145 1
13066 1
39125 1
13110 1
21911 1
30709 1
4436 1
39121 1
4434 1
13106 1
13105 1
13118 1
13119 1
4445 1
47801 1
13115 1
13095 1
13092 1
13091 1
47777 1
30691 1
30688 1
39107 1
30689 1
13088 1
21889 1
65133 1
47789 1
30700 1
13101 1
30696 1
13273 1
4538 1
4540 1
4528 1
47696 1
38961 1
21877 1
13270 1
21879 1
13257 1
21864 1
47694 1
47692 1
13248 1
13249 1
47680 1
38944 1
4515 1
13253 1
38949 1
47684 1
13307 1
13304 1
30526 1
13310 1
47742 1
30524 1
38930 1
21840 1
47732 1
38932 1
21847 1
21844 1
30517 1
47720 1
38922 1
13289 1
47725 1
13293 1
30496 1
38917 1
13284 1
13285 1
13214 1
21823 1
4600 1
13208 1
21817 1
39032 1
13205 1
47637 1
47635 1
4589 1
21804 1
65229 1
13193 1
13194 1
13188 1
4581 1
13189 1
65220 1
39011 1
13184 1
65219 1
39010 1
30528 1
65216 1
65217 1
13247 1
39005 1
21788 1
39007 1
21782 1
30583 1
13238 1
4565 1
13237 1
38994 1
38995 1
4558 1
65263 1
4557 1
47659 1
38987 1
21766 1
4544 1
21730 1
30336 1
12871 1
4134 1
30340 1
39335 1
48072 1
12874 1
4136 1
12872 1
21737 1
48076 1
48081 1
21747 1
12883 1
12880 1
4150 1
4151 1
12887 1
12885 1
21755 1
30362 1
30361 1
4152 1
12895 1
48094 1
12897 1
30370 1
21698 1
48102 1
30373 1
48100 1
39301 1
12902 1
21709 1
39309 1
48112 1
39319 1
21719 1
12924 1
39326 1
12926 1
39399 1
48000 1
39392 1
4193 1
65346 1
39406 1
4205 1
39401 1
12810 1
21687 1
39412 1
21686 1
4208 1
12817 1
12831 1
21694 1
48030 1
39422 1
48027 1
39418 1
21688 1
48039 1
30437 1
21637 1
12835 1
30444 1
12847 1
12846 1
12843 1
4181 1
21654 1
48051 1
12850 1
39386 1
65400 1
48057 1
12859 1
4266 1
13002 1
4267 1
13003 1
39211 1
30217 1
4264 1
13000 1
4265 1
47949 1
4270 1
13005 1
39201 1
30211 1
47936 1
30209 1
39202 1
12993 1
39205 1
4262 1
12998 1
4263 1
4261 1
12997 1
30235 1
21627 1
47965 1
39229 1
30239 1
21628 1
39216 1
13009 1
21616 1
39179 1
13032 1
65455 1
13037 1
39180 1
65442 1
21571 1
39168 1
21570 1
4230 1
13030 1
30264 1
13049 1
39193 1
4250 1
39199 1
21599 1
13041 1
47984 1
39184 1
30259 1
13045 1
47989 1
30263 1
13046 1
21591 1
47887 1
39279 1
47886 1
12941 1
21548 1
39273 1
21547 1
47880 1
30282 1
21541 1
47873 1
47872 1
39264 1
4323 1
65500 1
39293 1
39295 1
12956 1
39288 1
30295 1
21559 1
47895 1
12946 1
47918 1
12975 1
12968 1
21513 1
12969 1
65512 1
30314 1
12966 1
21510 1
39232 1
12963 1
12989 1
65533 1
4319 1
21528 1
30329 1
39257 1
4314 1
12986 1
21531 1
12980 1
21527 1
47923 1
39251 1
12976 1
4307 1
47921 1
12978 1
39572 1
30134 1
39574 1
30132 1
39569 1
30130 1
30129 1
12657 1
12670 1
12668 1
47358 1
39582 1
22489 1
39556 1
47335 1
12644 1
47328 1
30126 1
30124 1
12653 1
30122 1
30121 1
39603 1
47313 1
12626 1
12637 1
39613 1
4927 1
4922 1
12615 1
30081 1
12611 1
30083 1
39598 1
30094 1
64524 1
12617 1
12618 1
12593 1
39637 1
39636 1
12597 1
22426 1
39642 1
22431 1
39647 1
12605 1
47264 1
22402 1
12578 1
30176 1
22400 1
12576 1
12581 1
12586 1
39626 1
47251 1
30160 1
30165 1
47253 1
39669 1
30167 1
12566 1
39668 1
22454 1
64600 1
12570 1
30170 1
12573 1
12545 1
47232 1
39648 1
64576 1
30147 1
4965 1
22439 1
12552 1
12555 1
22442 1
39660 1
12558 1
64701 1
12797 1
22364 1
30008 1
22361 1
5015 1
39445 1
22356 1
47223 1
12788 1
22355 1
47218 1
39442 1
5009 1
5006 1
22351 1
12778 1
12779 1
39431 1
12772 1
29988 1
4997 1
12773 1
29984 1
12769 1
29980 1
12767 1
5049 1
29979 1
5050 1
22388 1
39479 1
29973 1
12759 1
22384 1
39473 1
12754 1
22381 1
39470 1
5033 1
12741 1
12742 1
29953 1
47169 1
12739 1
12731 1
12730 1
22299 1
5087 1
12735 1
22302 1
47165 1
12732 1
39505 1
5074 1
39506 1
30064 1
30071 1
5078 1
30059 1
12714 1
30058 1
12715 1
12713 1
47148 1
5071 1
12716 1
22284 1
5056 1
12705 1
47143 1
12709 1
22329 1
39545 1
12703 1
12702 1
22335 1
12690 1
30036 1
5109 1
12693 1
39543 1
22325 1
12695 1
39529 1
12683 1
12685 1
47116 1
12687 1
22318 1
5089 1
47111 1
12676 1
39526 1
30023 1
4613 1
12389 1
22212 1
39812 1
29863 1
12390 1
47586 1
39810 1
4609 1
4608 1
29858 1
12387 1
4610 1
12386 1
47598 1
4621 1
22220 1
29870 1
12399 1
39821 1
47594 1
12392 1
39816 1
39817 1
4618 1
22219 1
4628 1
47605 1
12406 1
12400 1
47602 1
47601 1
39839 1
47614 1
4637 1
39837 1
12414 1
39834 1
4635 1
12358 1
4645 1
12357 1
29826 1
22243 1
4641 1
12353 1
22241 1
29838 1
47565 1
4651 1
47562 1
12361 1
4648 1
29846 1
4657 1
39869 1
4670 1
12380 1
12381 1
47522 1
12321 1
4675 1
39873 1
12324 1
22150 1
4678 1
12329 1
4680 1
29930 1
4685 1
12333 1
29933 1
12332 1
4686 1
12334 1
12337 1
39889 1
12338 1
39888 1
4691 1
12340 1
4693 1
4694 1
29944 1
4697 1
12346 1
12350 1
39906 1
29889 1
29895 1
39912 1
22186 1
47498 1
4713 1
12297 1
12302 1
12301 1
4716 1
12306 1
4721 1
12305 1
12310 1
29909 1
22197 1
4725 1
39928 1
12312 1
47517 1
12316 1
22205 1
12524 1
4750 1
47463 1
4741 1
47459 1
4739 1
4765 1
12541 1
4764 1
4766 1
12542 1
4761 1
4760 1
22105 1
47480 1
39704 1
29754 1
47478 1
39702 1
29748 1
39701 1
4758 1
4755 1
12530 1
39725 1
4780 1
47433 1
4779 1
12491 1
4776 1
4777 1
39717 1
4775 1
39718 1
4773 1
29699 1
4770 1
4768 1
12480 1
12481 1
39741 1
39742 1
4796 1
4795 1
12507 1
39737 1
39738 1
22136 1
47451 1
29719 1
12502 1
22132 1
4788 1
39728 1
4787 1
29712 1
47443 1
12496 1
65002 1
4808 1
65003 1
47402 1
4809 1
65000 1
65001 1
47407 1
4812 1
65007 1
4813 1
39757 1
47395 1
4800 1
47394 1
4802 1
12452 1
4805 1
29798 1
12455 1
4826 1
12474 1
39775 1
12476 1
12479 1
39762 1
65010 1
39760 1
4818 1
12466 1
29814 1
39765 1
12470 1
39785 1
4842 1
12426 1
39787 1
12430 1
4847 1
39791 1
12429 1
12418 1
29761 1
39781 1
12423 1
39783 1
4837 1
29791 1
4862 1
12445 1
29789 1
39792 1
47377 1
47379 1
4855 1
22070 1
47381 1
4854 1
4853 1
12437 1
40191 1
55357 1
40188 1
5503 1
5498 1
20917 1
29655 1
20919 1
14103 1
29649 1
40178 1
29648 1
20912 1
20910 1
48781 1
5486 1
20911 1
20904 1
5480 1
5483 1
14090 1
29636 1
14085 1
20900 1
40165 1
20903 1
29632 1
55330 1
14080 1
55329 1
29695 1
29691 1
5466 1
5467 1
5462 1
29686 1
5463 1
14135 1
20886 1
40151 1
29685 1
48822 1
29684 1
14133 1
14131 1
55309 1
20876 1
20877 1
20875 1
20873 1
29670 1
20870 1
29668 1
14117 1
20866 1
29667 1
5432 1
20985 1
48858 1
5433 1
5434 1
5435 1
55423 1
55410 1
48850 1
5425 1
20976 1
5427 1
5429 1
5430 1
5431 1
48842 1
20969 1
40111 1
29568 1
20960 1
5408 1
48832 1
29571 1
5410 1
20963 1
48838 1
5413 1
20965 1
48889 1
55385 1
5403 1
5400 1
20952 1
20959 1
20956 1
5394 1
14194 1
20946 1
29617 1
5392 1
5396 1
29620 1
5397 1
48872 1
5387 1
14187 1
29611 1
5386 1
29608 1
5385 1
5384 1
40076 1
29614 1
5391 1
20942 1
5390 1
20940 1
55374 1
5388 1
14178 1
5377 1
20928 1
40068 1
29606 1
29607 1
5381 1
20932 1
29605 1
29527 1
14230 1
48658 1
5617 1
5616 1
29523 1
29533 1
20797 1
40060 1
5631 1
20799 1
55480 1
5605 1
5606 1
48642 1
5602 1
20771 1
5603 1
20783 1
29518 1
48651 1
5609 1
5610 1
5591 1
14263 1
14262 1
5588 1
5587 1
14259 1
40028 1
14271 1
20766 1
5598 1
20764 1
55454 1
29562 1
14265 1
20760 1
29542 1
14244 1
5573 1
5568 1
29551 1
20751 1
29550 1
5583 1
40015 1
5580 1
29548 1
40009 1
5578 1
20747 1
20746 1
5577 1
5552 1
14288 1
5555 1
20850 1
20853 1
29465 1
5560 1
5563 1
29468 1
20860 1
5564 1
20861 1
5537 1
5538 1
29442 1
5539 1
14275 1
55526 1
14276 1
5541 1
20836 1
20838 1
29449 1
14282 1
5547 1
20842 1
29453 1
20845 1
5550 1
20847 1
5523 1
29491 1
5522 1
5521 1
48756 1
55508 1
14325 1
14329 1
5532 1
20803 1
5507 1
14307 1
5504 1
5511 1
20806 1
20804 1
20811 1
39944 1
14313 1
5518 1
20815 1
29485 1
29388 1
40431 1
29386 1
29384 1
29385 1
13831 1
20647 1
20645 1
20640 1
13855 1
29405 1
29404 1
20668 1
29403 1
20665 1
29399 1
29396 1
20660 1
20657 1
13868 1
20621 1
29422 1
13871 1
20616 1
49064 1
197408 1
49063 1
49060 1
29414 1
55554 1
40387 1
40414 1
29433 1
20632 1
20634 1
20629 1
13878 1
13879 1
49074 1
20714 1
20712 1
29321 1
49100 1
55663 1
49102 1
29314 1
49089 1
20704 1
29319 1
29340 1
20722 1
29329 1
20721 1
13911 1
49111 1
20725 1
20686 1
29344 1
49120 1
13923 1
20674 1
20676 1
49125 1
29370 1
13951 1
49136 1
40341 1
13943 1
20694 1
29255 1
20519 1
29252 1
20516 1
20515 1
20514 1
48910 1
29259 1
20523 1
20521 1
29256 1
20520 1
20535 1
48918 1
20533 1
20530 1
29278 1
20542 1
48920 1
20539 1
13977 1
20485 1
29287 1
40260 1
29286 1
48943 1
20495 1
13999 1
13994 1
48950 1
20500 1
48951 1
48948 1
29303 1
29297 1
48956 1
48957 1
29304 1
20504 1
29305 1
40281 1
20507 1
48961 1
20579 1
48960 1
48964 1
29190 1
14026 1
29194 1
40237 1
20590 1
29196 1
55794 1
20598 1
29204 1
55800 1
29208 1
14041 1
29209 1
29212 1
29213 1
29217 1
14048 1
20544 1
40193 1
20547 1
14051 1
29222 1
20552 1
20555 1
29226 1
20558 1
20562 1
49019 1
20569 1
40220 1
29177 1
55836 1
29182 1
21404 1
29170 1
29169 1
29168 1
21392 1
13623 1
21396 1
13609 1
55818 1
21385 1
40653 1
21391 1
29154 1
21378 1
40641 1
21379 1
29152 1
48293 1
13592 1
48287 1
21437 1
48285 1
21438 1
48275 1
29141 1
196638 1
48278 1
29140 1
13591 1
29128 1
13576 1
29131 1
48268 1
29134 1
196613 1
21409 1
29124 1
29125 1
21413 1
21414 1
21415 1
29119 1
13694 1
48383 1
13692 1
13693 1
29113 1
13686 1
21462 1
21461 1
196735 1
29107 1
13680 1
196709 1
21453 1
196705 1
13675 1
13674 1
48362 1
13673 1
21448 1
40581 1
29091 1
40579 1
196714 1
48351 1
21501 1
29084 1
21502 1
29081 1
21497 1
13657 1
29076 1
29073 1
13649 1
21488 1
29075 1
29074 1
48334 1
13645 1
40623 1
29069 1
13644 1
29071 1
13646 1
48331 1
13640 1
29066 1
21483 1
29061 1
29062 1
13638 1
29056 1
48323 1
21473 1
48176 1
40528 1
21266 1
21270 1
29047 1
29044 1
29050 1
21274 1
29049 1
29054 1
40542 1
29053 1
21277 1
6083 1
21250 1
21249 1
29031 1
48166 1
21257 1
48173 1
21263 1
48172 1
29037 1
21261 1
21260 1
6128 1
6130 1
21299 1
29012 1
29017 1
13720 1
29020 1
21309 1
21310 1
48129 1
28994 1
28996 1
21284 1
21287 1
13703 1
21286 1
29003 1
6122 1
13706 1
48141 1
29007 1
29006 1
21294 1
48245 1
21335 1
21332 1
21333 1
6045 1
21341 1
28986 1
13819 1
48249 1
40475 1
196844 1
21318 1
28964 1
48224 1
21312 1
48239 1
28972 1
13802 1
48235 1
21321 1
48234 1
28968 1
21320 1
13781 1
21365 1
40498 1
48211 1
13776 1
6067 1
48209 1
28947 1
13789 1
48223 1
40511 1
6079 1
13791 1
13790 1
6073 1
13787 1
21371 1
13767 1
28929 1
13760 1
13773 1
48205 1
6062 1
13768 1
21353 1
6057 1
196803 1
48200 1
28938 1
6059 1
21354 1
48555 1
5704 1
28906 1
28907 1
13354 1
40911 1
28910 1
21135 1
13345 1
196906 1
28898 1
21127 1
5723 1
40927 1
28924 1
5725 1
21148 1
5726 1
21151 1
28926 1
21150 1
5713 1
40913 1
5714 1
28917 1
21142 1
5738 1
28873 1
28878 1
5742 1
28876 1
28877 1
13324 1
21155 1
28870 1
13319 1
21156 1
48519 1
196878 1
28891 1
28890 1
48539 1
28889 1
48538 1
40957 1
21183 1
21182 1
13331 1
28881 1
48530 1
28880 1
48533 1
21175 1
48532 1
28886 1
28885 1
13333 1
5645 1
28840 1
5641 1
21195 1
21189 1
5639 1
13415 1
21191 1
28832 1
13409 1
13408 1
21213 1
5661 1
5662 1
21215 1
13432 1
13433 1
28859 1
21211 1
28858 1
28849 1
48626 1
5650 1
5651 1
21202 1
13390 1
28812 1
21229 1
21226 1
5673 1
13385 1
21225 1
5669 1
40871 1
5668 1
28802 1
21219 1
40867 1
196949 1
13407 1
21246 1
5693 1
5690 1
5691 1
28825 1
21240 1
5683 1
21233 1
21232 1
28769 1
20993 1
28768 1
28773 1
28775 1
13480 1
48424 1
21007 1
197051 1
13489 1
13490 1
21011 1
48438 1
28788 1
21013 1
40788 1
197043 1
21016 1
21021 1
28738 1
13446 1
28745 1
28750 1
21040 1
28762 1
21050 1
28760 1
28761 1
21055 1
21052 1
21061 1
5760 1
13536 1
197099 1
21056 1
28707 1
28706 1
28717 1
28716 1
28719 1
40715 1
5769 1
197091 1
21064 1
197089 1
197118 1
40725 1
197116 1
48496 1
13555 1
5778 1
5784 1
28678 1
28676 1
197071 1
197064 1
40739 1
21101 1
28683 1
21098 1
5800 1
48464 1
21107 1
21104 1
21105 1
48479 1
197078 1
28698 1
28699 1
28697 1
6568 1
15305 1
45646 1
15296 1
32519 1
23911 1
23910 1
36923 1
15320 1
23930 1
36926 1
36925 1
23935 1
45650 1
23923 1
6580 1
6582 1
32554 1
6539 1
6536 1
36874 1
36879 1
23884 1
15331 1
36866 1
45669 1
23879 1
45668 1
45671 1
23877 1
23899 1
45695 1
45680 1
36881 1
36884 1
23895 1
15348 1
36974 1
23855 1
6639 1
36971 1
45577 1
36969 1
36991 1
23871 1
6648 1
45590 1
45588 1
32592 1
45587 1
36977 1
32623 1
15278 1
32622 1
36943 1
36937 1
23816 1
6598 1
36932 1
32613 1
36934 1
15267 1
32609 1
45602 1
36930 1
45629 1
6621 1
6620 1
32634 1
6619 1
15290 1
45626 1
36954 1
32632 1
6614 1
45623 1
23829 1
36944 1
36947 1
32625 1
15169 1
45763 1
37028 1
24043 1
15180 1
32654 1
37037 1
24047 1
6450 1
6453 1
15189 1
6458 1
6459 1
6461 1
36992 1
6402 1
15202 1
36994 1
15201 1
6400 1
45796 1
6407 1
36997 1
15206 1
32676 1
6405 1
24005 1
37004 1
37006 1
6412 1
6419 1
15219 1
6423 1
32698 1
15227 1
15225 1
32703 1
45820 1
45823 1
6428 1
24029 1
6429 1
24028 1
15108 1
6503 1
37090 1
32705 1
6509 1
37100 1
37101 1
32719 1
6505 1
23979 1
6517 1
37105 1
15133 1
45725 1
6522 1
6471 1
37061 1
32743 1
45735 1
37063 1
23939 1
32737 1
23951 1
32748 1
15149 1
23948 1
23947 1
6473 1
37076 1
6487 1
37079 1
32757 1
23953 1
37084 1
23966 1
15164 1
45758 1
45753 1
23962 1
32760 1
6331 1
15065 1
37179 1
23673 1
32287 1
6334 1
6332 1
23666 1
6320 1
6327 1
6325 1
6315 1
45899 1
23657 1
45898 1
32270 1
45903 1
23661 1
6304 1
23649 1
23655 1
32262 1
6296 1
23641 1
23642 1
6298 1
6300 1
37148 1
6303 1
37149 1
15102 1
37137 1
6295 1
15081 1
15085 1
37133 1
15075 1
15006 1
6395 1
15003 1
45844 1
23606 1
45845 1
6389 1
6388 1
45841 1
6386 1
6385 1
14993 1
6384 1
6382 1
6383 1
6380 1
14988 1
6381 1
14989 1
32329 1
32328 1
14985 1
32327 1
6372 1
6373 1
14979 1
6364 1
6367 1
6361 1
23576 1
6360 1
23577 1
23575 1
15024 1
32361 1
23563 1
6342 1
32353 1
37184 1
32354 1
32400 1
14929 1
6198 1
14935 1
6197 1
14938 1
6203 1
23779 1
23777 1
46021 1
6181 1
6187 1
46031 1
6163 1
23767 1
6167 1
32440 1
6175 1
23774 1
23745 1
6147 1
6149 1
37255 1
23749 1
23752 1
23754 1
6157 1
6263 1
14868 1
6261 1
14866 1
14864 1
32479 1
32475 1
45953 1
32448 1
23724 1
6250 1
14858 1
23721 1
14901 1
23700 1
23709 1
23708 1
14910 1
14904 1
14905 1
6221 1
45996 1
6222 1
32491 1
24399 1
32045 1
14828 1
7049 1
14825 1
24392 1
45157 1
7046 1
24390 1
32035 1
32034 1
45180 1
14847 1
45177 1
7066 1
7065 1
14840 1
24407 1
7057 1
24400 1
14832 1
45135 1
45132 1
7081 1
14793 1
14813 1
24445 1
45147 1
24441 1
24437 1
32016 1
7091 1
32107 1
32110 1
7106 1
14754 1
24323 1
32098 1
14755 1
7105 1
14753 1
24320 1
14758 1
24326 1
24324 1
7131 1
24350 1
45117 1
24348 1
7132 1
24342 1
24362 1
7151 1
7137 1
32067 1
32068 1
14745 1
14744 1
14747 1
7162 1
24381 1
14751 1
32083 1
14743 1
14742 1
32162 1
24514 1
6914 1
6912 1
24526 1
14702 1
14701 1
24522 1
45289 1
6922 1
24523 1
45291 1
24521 1
14710 1
24535 1
32181 1
45302 1
14709 1
24532 1
45298 1
45311 1
24541 1
14717 1
6939 1
24538 1
32184 1
24536 1
45250 1
24547 1
14669 1
24557 1
45261 1
6954 1
6966 1
24560 1
24572 1
45274 1
32152 1
6983 1
45224 1
24460 1
14636 1
6994 1
32244 1
24475 1
14651 1
24479 1
7004 1
45186 1
7011 1
14595 1
7012 1
45189 1
45194 1
7017 1
24489 1
24490 1
7018 1
14605 1
24492 1
45199 1
7020 1
24493 1
14608 1
7029 1
45204 1
14615 1
32216 1
32222 1
14589 1
45436 1
14585 1
45430 1
6805 1
31797 1
24151 1
14576 1
45425 1
6802 1
6799 1
45419 1
24138 1
45414 1
6789 1
6790 1
14566 1
45411 1
24129 1
6785 1
24128 1
6786 1
24130 1
6846 1
14558 1
45400 1
24186 1
31771 1
24187 1
31769 1
14552 1
14551 1
24183 1
6834 1
31760 1
6833 1
6830 1
6828 1
6824 1
14537 1
6822 1
24167 1
6820 1
6821 1
31864 1
24088 1
6876 1
24093 1
6866 1
6871 1
24086 1
6858 1
24077 1
6863 1
6848 1
45346 1
6849 1
6850 1
6851 1
24066 1
6853 1
6854 1
45348 1
31846 1
6855 1
24122 1
6905 1
6904 1
6911 1
6910 1
6908 1
14492 1
6903 1
45334 1
45321 1
14472 1
24105 1
6894 1
45324 1
14477 1
31810 1
6880 1
6881 1
6886 1
6677 1
14453 1
6679 1
24278 1
6684 1
31932 1
24287 1
6682 1
6661 1
45543 1
6660 1
6663 1
45538 1
6656 1
45536 1
6667 1
6666 1
31893 1
6706 1
6713 1
24295 1
31877 1
6690 1
6703 1
6702 1
6700 1
24299 1
45514 1
6697 1
31985 1
6736 1
14386 1
6739 1
24213 1
14390 1
31993 1
6747 1
24218 1
24220 1
14399 1
45474 1
24192 1
45472 1
6723 1
14371 1
6724 1
24197 1
24198 1
6726 1
45482 1
6731 1
6730 1
24203 1
6735 1
14383 1
6734 1
6770 1
6768 1
6769 1
6774 1
24247 1
6775 1
24246 1
6772 1
24245 1
6778 1
14363 1
14361 1
24226 1
6758 1
24229 1
6762 1
24235 1
6760 1
24238 1
45455 1
16260 1
31556 1
7654 1
16262 1
22822 1
16256 1
37986 1
31555 1
31554 1
7660 1
22829 1
37997 1
7656 1
7657 1
16265 1
7668 1
16276 1
22837 1
7670 1
7664 1
22833 1
7667 1
46609 1
38001 1
16285 1
31581 1
7676 1
16284 1
7679 1
31576 1
7672 1
16283 1
16295 1
37958 1
46627 1
31585 1
7616 1
7617 1
53388 1
37965 1
16302 1
22799 1
7631 1
16303 1
16300 1
16298 1
37963 1
16296 1
22792 1
31605 1
7633 1
16316 1
7643 1
53400 1
7642 1
31608 1
16322 1
31495 1
16329 1
53480 1
31499 1
7594 1
31501 1
31500 1
16333 1
7598 1
22894 1
7600 1
53488 1
31507 1
7602 1
16338 1
7604 1
16340 1
31510 1
7606 1
31513 1
16344 1
53497 1
37944 1
16347 1
7610 1
46687 1
22911 1
7552 1
16353 1
7562 1
46699 1
31529 1
16366 1
53454 1
16371 1
7570 1
37906 1
7568 1
7575 1
31543 1
46717 1
46719 1
31549 1
31692 1
7533 1
22958 1
22959 1
7529 1
16138 1
16133 1
46725 1
7521 1
16128 1
16131 1
7522 1
31708 1
46749 1
7544 1
16152 1
22969 1
46746 1
7545 1
7546 1
16154 1
7540 1
46742 1
31703 1
16150 1
7543 1
7539 1
31727 1
7502 1
22927 1
31725 1
7500 1
22925 1
7499 1
16170 1
31720 1
7497 1
22920 1
38091 1
7496 1
38087 1
16164 1
7491 1
31715 1
38082 1
31712 1
31713 1
16160 1
22913 1
16190 1
31742 1
7519 1
7517 1
7514 1
16186 1
22938 1
31736 1
22936 1
7511 1
22933 1
31732 1
7509 1
38097 1
16178 1
16179 1
16202 1
7469 1
16205 1
46797 1
7470 1
16206 1
46786 1
53345 1
7459 1
31641 1
23033 1
31643 1
16218 1
38072 1
16223 1
7473 1
7474 1
16210 1
53366 1
46807 1
53367 1
7479 1
16215 1
31658 1
31662 1
7438 1
16237 1
31661 1
38018 1
38019 1
31649 1
31654 1
7430 1
38022 1
16229 1
53318 1
46841 1
38040 1
23002 1
38043 1
31673 1
31672 1
53340 1
31677 1
23005 1
53343 1
7453 1
16253 1
46832 1
16243 1
38037 1
16246 1
46836 1
31669 1
16245 1
16020 1
22581 1
31314 1
16019 1
22576 1
31313 1
16016 1
16030 1
38264 1
31323 1
16007 1
22566 1
7397 1
46849 1
31298 1
22562 1
22561 1
7393 1
22573 1
16010 1
22571 1
31305 1
22568 1
7381 1
22548 1
22549 1
16054 1
38227 1
38225 1
16050 1
31357 1
31359 1
7385 1
38235 1
31353 1
46887 1
31333 1
22534 1
31340 1
31343 1
38220 1
31342 1
16043 1
16083 1
38193 1
31251 1
16082 1
16080 1
31255 1
16086 1
31252 1
7349 1
31253 1
22645 1
38202 1
31257 1
7352 1
16095 1
31263 1
16094 1
22652 1
31261 1
22653 1
31235 1
16066 1
38176 1
22625 1
16065 1
31239 1
16070 1
7332 1
38182 1
22635 1
31242 1
16073 1
7342 1
31246 1
22637 1
31244 1
7341 1
22608 1
16112 1
7315 1
31283 1
7314 1
16117 1
31290 1
7296 1
16097 1
7298 1
38149 1
38148 1
7303 1
38154 1
31272 1
31275 1
31277 1
38158 1
15895 1
31444 1
46989 1
22703 1
7276 1
31432 1
7272 1
31430 1
15879 1
7270 1
7268 1
22691 1
31424 1
31425 1
22689 1
7260 1
31484 1
15934 1
7263 1
15935 1
31483 1
7258 1
31477 1
15924 1
31479 1
31475 1
22669 1
15919 1
15915 1
22667 1
31463 1
31458 1
7235 1
15962 1
15960 1
47069 1
31391 1
22781 1
7228 1
15964 1
15965 1
15955 1
31377 1
31376 1
22768 1
15958 1
22773 1
22772 1
31371 1
15945 1
7212 1
15936 1
15943 1
22759 1
31364 1
7204 1
31416 1
22747 1
15997 1
22750 1
7184 1
38289 1
47088 1
22743 1
22742 1
7181 1
53582 1
38287 1
38284 1
38285 1
15982 1
38278 1
15975 1
15974 1
38464 1
15782 1
31078 1
31077 1
31083 1
23304 1
15785 1
38477 1
23308 1
31094 1
8151 1
8148 1
15802 1
8153 1
15800 1
46140 1
15806 1
31100 1
15805 1
23329 1
15744 1
38496 1
31042 1
15747 1
8167 1
38506 1
38505 1
23339 1
15756 1
15757 1
46093 1
23342 1
15759 1
15763 1
38518 1
15765 1
46101 1
38517 1
15766 1
23352 1
15772 1
38525 1
8190 1
15774 1
8068 1
15844 1
31012 1
46176 1
31010 1
23372 1
8075 1
15851 1
23383 1
46198 1
15861 1
46193 1
31027 1
15857 1
46195 1
31025 1
31038 1
46205 1
23391 1
31034 1
30981 1
30983 1
8103 1
30977 1
23393 1
15808 1
30988 1
30990 1
8111 1
30985 1
30986 1
30998 1
15830 1
31005 1
23421 1
15836 1
8121 1
38456 1
15835 1
38457 1
15659 1
15658 1
31214 1
8015 1
8002 1
31200 1
8001 1
38616 1
31225 1
15672 1
8025 1
15673 1
38623 1
31219 1
38610 1
31216 1
38613 1
15668 1
31220 1
15626 1
38639 1
8047 1
23456 1
15617 1
46208 1
31172 1
46215 1
31173 1
8039 1
15623 1
38629 1
15640 1
8057 1
15641 1
8060 1
15645 1
23487 1
8062 1
8048 1
38640 1
23479 1
8055 1
31148 1
7949 1
15725 1
31149 1
23498 1
15723 1
31147 1
38533 1
38529 1
23488 1
31167 1
15742 1
23518 1
15743 1
15738 1
7963 1
15734 1
38548 1
15735 1
46320 1
23504 1
31117 1
15694 1
38569 1
31115 1
38566 1
15685 1
23520 1
46273 1
38561 1
23523 1
31133 1
23550 1
7992 1
15704 1
38585 1
15706 1
23541 1
15702 1
31126 1
15703 1
23537 1
15696 1
15697 1
31122 1
15699 1
30833 1
30834 1
7891 1
46385 1
7893 1
15541 1
7892 1
38740 1
7894 1
15545 1
7896 1
30844 1
7902 1
46368 1
46375 1
38726 1
15525 1
15527 1
30827 1
15531 1
15533 1
38732 1
7922 1
38770 1
7925 1
38776 1
46366 1
38782 1
15517 1
38753 1
15491 1
30784 1
38757 1
7911 1
38759 1
30789 1
7908 1
15493 1
15497 1
30798 1
30797 1
15500 1
7829 1
7828 1
23126 1
23127 1
7830 1
30768 1
15600 1
30781 1
15612 1
7832 1
30778 1
15611 1
23131 1
15589 1
38661 1
46435 1
15586 1
15587 1
30764 1
7821 1
15598 1
15594 1
7819 1
15595 1
30742 1
38710 1
30740 1
30738 1
15570 1
30751 1
15577 1
38715 1
30745 1
15576 1
46404 1
30726 1
15557 1
23138 1
7843 1
15555 1
30721 1
30733 1
23148 1
7850 1
30729 1
7849 1
15421 1
30975 1
7774 1
30974 1
46515 1
30961 1
30960 1
23184 1
15409 1
15410 1
30962 1
15412 1
7753 1
7752 1
15403 1
15404 1
30958 1
38861 1
46502 1
30950 1
15399 1
30936 1
38909 1
30943 1
15389 1
23219 1
7794 1
38896 1
7795 1
23216 1
15377 1
38901 1
46484 1
38888 1
30922 1
38891 1
7784 1
15368 1
15373 1
30925 1
7788 1
15372 1
30914 1
30912 1
23201 1
7782 1
15366 1
30916 1
7781 1
38887 1
38814 1
46588 1
30910 1
38809 1
7700 1
30900 1
30902 1
15474 1
30892 1
7693 1
15469 1
15468 1
15471 1
38797 1
38794 1
30889 1
30890 1
15467 1
23243 1
7690 1
7684 1
15463 1
46562 1
30880 1
30881 1
7682 1
15454 1
7743 1
46559 1
23292 1
7741 1
7738 1
15450 1
7735 1
15444 1
15440 1
15435 1
38826 1
15433 1
7718 1
7717 1
15428 1
46529 1
30851 1
7714 1
7713 1
23265 1
