1 56
4 60
52550 45
35205 7
52554 31
52559 15
35213 11
17619 36
17621 771
35223 3
17622 175
17623 1018
17625 111
24 4
26 17
35228 116
34 5
35 1
17633 30
32 8
52579 87
17639 148
17638 828
35236 21
35239 3
35238 33
42 203
17645 94
52590 5
55 11
52596 14
35254 80
17658 41
17659 47
57 21
62 258
52604 3
17660 14
71 69
64 1
52482 1
17536 16
73 20
35274 3
17547 140
17557 820
17559 26
81 105
80 125
17554 48
17561 10
101 64
35302 17
35297 140
17579 1
52521 69
52532 19
35313 11
35320 383
137 149
35087 5
17477 199
52696 14
17498 50
17501 15
156 16
35091 34
17492 22
17494 104
35115 3
174 20840
173 8
17506 47
35104 390
52706 3
17511 96
52730 37
17534 26
35132 11
52720 134
52721 6
206 114
200 5
35144 6
35140 8
17408 995
52610 48
195 36
194 10
17439 556
17431 437
209 11438
210 65
17426 48
35152 9
237 119
17451 536
35177 110
35178 3
35179 8
17447 131
17444 491
35168 1
17443 50
226 208
52640 4
52643 15
224 20
52668 1
17469 60
35199 3
251 237
17465 266
35189 8
52661 14
35191 5
17459 88
52308 108
276 47
17882 40
34968 33
17887 32
286 1009
17884 10
34974 31
17857 32
260 26
52294 79
34953 10
17864 70
270 105
271 245
52302 2
34995 5
306 98
34997 20
35000 62
17915 2
52344 14
17916 99
17917 347
35007 7
35004 5
17888 386
52323 80
34977 17
52320 616
292 17
293 152
52327 28
17895 51
52324 89
17897 72
297 177
34984 2654
302 14
52332 39
17814 26
52245 59
17813 160
35025 44
17809 99
17820 100
35032 7
35033 3
17816 162
52251 125
17806 330
35017 94
52233 40
35019 9
35018 8
52276 77
17841 593
35059 2
52286 32
376 308
35067 14
378 22
52280 101
35047 67
52262 20
17828 61
52263 84
17826 33
17754 110
52444 45
34844 3
17747 80
17746 48
34820 9
17785 10
34875 213
34867 69
52465 38
52468 254
34858 6
34863 11
17762 1150
34848 12
17766 16
34909 7
52376 3
17686 11
17685 20
52374 65
52375 41
52370 44
34898 28
34892 23
17676 1148
17675 226
52360 77
17670 35
17668 125
52359 7
17666 64
17727 188
17726 56
34934 26
52404 2
52403 72
17714 21
17709 417
17705 28
17707 29
34916 25
52389 6
17696 6
34912 10
18149 2
549 118
35745 38
558 149
559 98
557 20
35753 290
553 107
567 30
53110 16
53118 40
35768 6
53112 37
53115 45
18117 63
35719 4
53062 112
18119 15
35717 5
18118 68
53061 7
513 53
35714 10
53059 121
53070 16
53071 14
18127 42
35725 15
53068 3
53066 32
53078 37
53076 12
53075 5
35742 5
53087 85
35737 6
53080 8
53025 16
35810 14
35815 13
35816 14
35819 1071
53037 63
18092 44
53043 21
18103 82
53047 22
18101 5617
18106 149
53048 11
53053 20
18108 14
35838 7
53055 8
577 5778
52995 8
35776 11
18059 312
35788 12
35795 15
18068 29
53015 24
18070 5
600 364
53018 7
603 71
53023 7
35804 26
35805 71
35631 4
53230 27
35625 18
53224 148
680 566
35617 7
702 3462
35645 25
18046 155
703 1890
701 11745
35641 11
18042 65
53242 38
53237 389
18037 40
35638 13
18033 42
35598 7
53199 7
53195 11
35592 4
53191 30
35584 11
53185 7
53184 26
668 246
35614 4
18015 43
35612 27
53211 21
53209 20
53205 16
18001 111
53202 7
18000 51
35602 9
35601 4
745 33
17961 16
53162 34
53167 4
53153 22
53152 13
17958 10
35686 4
53158 47
760 10
35706 50
53179 2
766 141
53180 33
53181 7
53182 8
17971 76
17970 35
53169 40
35699 127
53171 35
17975 20
35701 2
53174 19
53131 53
715 12
714 232
35662 51
719 300
17922 398
17924 92
35654 21
53144 31
53145 42
17948 7
53149 17
721 265
17939 25
53137 15
17941 193
53143 15
35511 5
819 35
35518 8
52859 22
35512 4
35491 9
18400 14
18403 1240
803 161
812 939
18390 137
18391 48
786 264
797 58
18371 24
35457 37
781 4
18379 3
779 2
35467 23
35568 10
35574 7
35575 22
18364 16
18366 2
52770 43
52771 11
35558 3
52777 8
35567 173
35566 57
52783 43
18351 124
52780 11
52752 111
35539 23
855 1435
852 1689
52758 12
35548 8
35549 45
35524 6
35526 17
35531 28
52747 41
52988 6
18302 857
52982 60
52981 23
52979 9
35377 7
52976 25
35376 13
35374 16
52974 9
52973 20
35371 60
18282 8
18283 12
35369 20
52967 24
52965 215
35362 12
52960 15
35357 8
52956 36
18268 2
52950 3
18260 15
35346 7
52940 21
52937 9
35339 5
35332 9
35333 4
35328 11
35329 5
18233 6
52925 82
18229 453
35434 24
35432 29
52904 22
18209 24
35425 9
18201 39
18200 67
52892 21
35421 8
18206 25
35415 208
52873 24
35400 158
52872 17
18187 6
35401 10
18185 40
35393 21
18183 5
52871 14
16524 13
1101 10
51468 6
1103 271
16523 6
36295 12
51461 18
16540 2
51484 3
51483 10
16532 16
51474 49
16531 67
16559 7
16557 25
51497 10
1126 15
36324 10
36327 26
36326 22
1120 8
36351 692
16567 19
1140 7
1136 303
51528 15
36236 269
16582 27
51551 13
16604 12
36253 5
51543 28
16617 14
16610 33
51577 2
36280 136
51580 4
16637 441
16626 167
16629 37
1221 2642
16391 39
51587 2
16397 525
16399 18
16395 1
1226 57
51606 11
1237 481
1239 4003
1241 137
16410 29
16422 142
1251 80
51619 5
1249 15
16417 27
1248 67
51629 25
1257 414
36215 2
1267 489
16445 31
1277 14
36222 20
1273 1595
16450 2
51648 3
36103 14
51653 10
16467 23
51665 8
16471 20
16473 51
51691 3
36144 7
16496 3
16503 18
36149 161
51705 9
1215 4
16509 509
1213 17
16798 4
51230 4
16795 50
36049 75
1351 42
36086 287
16814 498
16811 112
51288 10
35993 11
35994 220
51290 9
16863 156
1299 4669
16851 118
35985 28
35986 218
16852 8
1290 69
51273 8
16842 5
1294 46
16835 27
1280 70
16832 8
16838 70
16837 8
36024 133
36025 16
36030 16
36031 31
16880 26
51310 7
16876 8
36012 16
36003 2
51346 10
16657 825
16668 8
35908 808
35916 57
51343 2
51380 3
35953 40
16700 9
16696 46
35962 8
51363 3
35937 19
51375 73
16685 21
51373 26
51408 17
16724 26
1435 9
16735 2276
51395 22
1408 5
35843 6
51399 4
35847 38
16713 237
51405 8
1423 9
51407 126
1421 108
51406 1
35891 12
51440 104
35899 2
51426 2
16739 3
51431 54
51430 45
36841 4
36843 13
1645 8
36846 2
17057 10
1659 251
17072 777
1653 85
17048 4
17054 340
1616 26
36820 5
52073 15
52075 20
52064 4
52065 3
1569 21
17151 63
17149 43
17143 13
52080 3
17139 140
36786 4
17099 47
52041 55
1547 52
52036 6
17113 38
1555 29
1767 39
1764 175
16942 201
16943 4
52142 5
16949 10
16948 22
52153 13
36728 21
1785 820
1790 55
36732 26
1789 30
36734 7
52099 6
1733 108
36678 355
16904 26
16905 44
36683 7
1741 39
36687 16
1742 19
16916 47
52116 76
16921 165
36696 15
1759 339
36645 5
1696 21
52201 24
1705 34
17001 11
17015 2
17014 13
17012 11
17018 17
1723 2
36666 16
16966 71
16967 88
16960 184
36622 61
36623 61
52173 13
36621 2
16971 31
36617 2
36628 61
1680 631
36626 60
36624 61
1689 65
36632 1
1913 7
17338 73
1916 178
51762 5
51754 8
36585 2
51744 2
17306 84
1880 26
17310 66
1887 25
1886 7
51728 4
36563 78
17293 21
1853 56
17400 46
17402 30
17403 22
51827 6
1842 12
1836 91
1835 15
1828 25
51815 31
51813 13
51810 2
17379 62
17378 97
17373 23
1818 10
17368 9
36498 41
17361 17
17359 22
36493 74
17356 31
1803 47
1797 4
36466 4
36471 12
2042 148
2044 33
51903 6
51875 4
17184 300
2018 185
17197 8
51884 2
17175 11
36436 22
17183 7
36446 6
36416 21
36423 62
1998 20
51958 5
51957 12
1968 65
1970 21
17266 5
51964 740
1982 16
36412 11
51960 2
51942 7
17253 13
51939 9
1955 16
51947 8
36394 15
51945 9
51944 4
36374 27
17233 24
1936 2
17232 179
36383 2
36377 5
1945 3
17222 82
17223 46
51910 17
36352 528
51904 4
17231 209
17228 284
17229 102
17226 24
17227 152
1930 28
17224 30
17225 44
2200 155
50655 9
19551 136
50643 18
262218 6
19541 17
19528 6
19531 30
50625 18
262237 43
33031 34
50629 3
262242 25
19578 2
50683 3
33082 4
19582 14
33084 32
33073 4
50673 176
19570 42
262248 8
262254 56
33077 4
50677 3
262253 31
50670 63
19554 14
19555 7
50591 54
262150 80
19479 61
50581 62
33098 25
50569 2
33097 7
50567 2
50562 2
262182 16
33148 41
19515 30
50618 64
50613 37
262186 43
262184 17
262199 7
33132 623
50607 198
50606 46
262195 267
19496 19
262192 34
19497 102
50597 66
262206 237
262202 8
33122 3
2065 6
2072 45
33182 95
33154 57
19653 25
50503 5
262352 22
50507 2
262354 8
262355 11
33164 10
262377 27
33203 10
2107 80
33210 3
50554 5
19711 20
2110 204
262394 10
33189 38
19685 34
19693 56
2134 88
50448 7
262282 11
50463 78
2140 99
33247 22
50459 5
2116 262
2118 366
2119 440
50434 6
19586 10
50446 8
33224 10
262318 14
50481 14
2162 7
262310 11
262304 3
50468 3
50466 6
33251 2
50477 18
50472 2
50473 15
2152 567
2153 109
262482 23
262488 68
19782 31
32773 4
262493 75
50392 14
19803 33
19800 4
19806 32
50398 10
262468 36
262469 13
50384 611
262474 14
32787 1643
50387 5
262476 99
32791 66
32808 24
262517 18
19809 19
19812 36
262526 36
2470 4
262502 24
2495 34
262505 7
262509 35
19830 22
50316 19
2510 74
262421 8
50315 5
262417 48
262429 10
2500 34
50304 44
2497 1486
2527 83
262405 13
19740 9
50331 2
262401 40
2518 43
2519 384
2516 2569
32855 59
2514 743
19752 327
19754 16
2538 42
262463 20
262462 33
32869 227
2529 155
32867 7
50337 4
262458 4
50362 5
32890 8
50360 12
2554 56
262444 12
262446 11
32885 4
2544 14
32882 4
50241 4
19905 17
50244 86
50245 88
262609 13
19918 2
50258 3
262600 35
32915 11
50261 4
262605 26
50265 4
262594 6
50266 5
262599 91
32934 47
262643 6
50292 15
262624 5
32955 10
32952 10
32959 7
262631 34
50300 36
19844 58
19842 69
50188 3
19855 251
19853 6
2381 194
2379 353
50187 3
19863 20
32982 32
32976 15
2386 957
262589 449
50211 2
19875 16
262587 10
19881 24
19893 177
19902 7
262561 16
33597 227
262759 23
262756 27
20091 4
20090 5
33588 59
51190 7
262765 15
51184 4
262760 69
20081 19
262761 58
20080 220
2734 63
262773 58
20077 182
33576 101
2730 8
262769 15
51178 17
51172 7
262778 13
2722 15
33569 10
2721 43
2716 54
33567 11
51167 66
262720 66
20057 523
262721 8
33561 12
2715 38
262733 26
2711 567
51154 21
51155 6
33554 37
2706 41
262731 4
2707 20
262740 39
262743 18
33548 5
20041 4
33544 73
2698 24
262748 33
262750 27
2688 85
33536 5
33657 199
262688 88
33659 298
262689 13
262695 12
33660 176
20029 20
33662 668
262699 27
20018 16
262696 6
33651 344
262697 6
33650 155
33652 203
20021 108
262706 27
20015 34
20013 59
20002 59
20001 721
262717 40
51110 21
262659 80
262664 7
51088 28
33616 11
262668 30
19988 3
262669 22
262676 8
2764 1595
262681 3
51074 391
19969 10
33606 23
262684 9
262687 35
33604 14
262686 22
20214 49
2614 91
2611 56
20208 12
2609 358
51069 20
33701 81
2594 16
262907 102
20193 8
20207 113
262903 18
2607 45
51054 7
51048 27
2602 65
2603 28
20180 6
51028 64
33680 14
2588 82
33695 18
262854 21
51034 23
262851 31
51032 13
2586 32
33668 213
20161 248
33667 451
20163 14
2572 52
262869 6
33676 1
50993 8
2683 12
51003 8
33786 5
51005 2
2687 1246
33788 140
262822 15
2686 1191
51007 13
2685 126
262820 4
33763 81
33765 14
262847 18
33764 6
262832 26
33771 54
33770 171
50989 55
2671 120
20141 102
262793 6
20115 2859
2647 11
33748 138
33749 15
2648 5
262789 8
262788 28
262808 78
262814 20
50949 7
262801 37
50952 32
262805 28
2637 19
33742 24
262806 19
33327 12
50923 169
20328 4
50920 5
33321 43
20324 13
263011 17
50928 162
262999 17
262997 28
262996 14
20299 504
50891 10
263004 49
33287 48
263001 30
33310 5
20312 28
262989 22
33302 20
50857 5
50856 4
20257 111
3043 6
20283 9
262949 11
50864 8
3058 16
262955 12
20225 153
50821 7
262914 52
20255 28
33361 8
33363 641
33362 37
263164 5
2852 35
2854 374
20454 82
2848 4
20448 22
2860 40
20460 31
2856 1194
2857 11
20459 59
33470 58
50810 46
20473 351
2874 1
2820 10
2818 4
33409 23
2830 300
50765 3
2828 6089
50767 1
33422 21
50763 5
2839 9
50771 37
2847 25
33438 48
2914 6958
263099 34
20388 21
33514 3
33517 67
263080 94
20406 2
33525 4
263073 18
263072 22
263075 10
33529 26
20413 20
20355 8
20354 7
263064 20
20357 12
33481 20
33480 240
33483 17
263057 5
2895 5
2899 20
33489 20
33490 77
33491 711
263053 35
2901 32
33494 22
50710 215
2907 915
20376 9
263047 17
49558 11
18451 3
18450 20
3292 1164
34139 24
3291 5
3269 757
3268 7
34119 11
3265 34
3267 326
49550 43
34123 71
34120 25
49544 69
49588 12
18487 3
18485 36
3316 85
3312 4
3313 116
18494 91
3327 199
49598 2
3324 9
3325 17
34169 12
18490 8
34168 22
49594 11
18489 4
3320 2868
34171 13
18488 18
3303 822
49572 14
3302 133
3301 635
3300 84
34144 4
34145 35
34146 5
18479 81
49583 4
3308 57
18474 10
3216 2238
3218 7
49620 3
3223 23
3225 255
3226 19
49605 7
34052 9
3209 526
3208 22
34056 15
18508 4
3213 21
3212 28
3215 1204
34060 23
3249 182
3254 10
3255 493
3252 1
3253 30
34102 4
34104 2
3257 6079
3262 12
3261 216
34110 5
18530 25
18531 33
3239 88
3238 10
49641 4
3243 33
34092 8
18540 22
3245 6
34270 22
34267 39
34265 6
34263 10
34254 10
34251 66
34250 20
34248 10
49414 2
18565 15
34245 9
49413 5
18566 2139
34244 9
34241 43
34303 5
18618 124
18616 18
49461 11
34295 124
34288 7
34289 3
49458 9
34277 26
34279 29
34273 3
18592 299
3169 4
34201 10
49502 6
34204 6
49488 4
18647 4
34187 49
18632 63
3081 11
34190 5
18638 3
18624 32
34177 28
34232 6
49528 4
18683 9
3128 43
18687 360
3132 14
34224 708
34225 4
18678 676
18676 79
18671 55
34221 30
34223 6
34209 30
49507 4
49508 9
3527 35
33871 10
49301 75
18710 3
18705 26
33875 28
33874 52
33885 25
49309 7
3549 27760
18712 58
33892 8
33891 178
33902 12
18734 1103
33901 3
3561 2052
18730 50
49320 16
33907 2
18739 3093
33904 15
49342 11
33915 33
18747 591
49345 10
49349 13
33796 5
3462 835
49350 15
49352 14
3464 79
3479 27
49367 31
3477 23
18779 256
49371 2
49373 105
33823 14
49375 2
18786 13
3491 3774
33838 5
33843 25
33842 8
49403 15
18812 153
33852 48
33991 25
3397 12
3422 9
49183 26
3421 16
18840 17
18839 6
34006 22
34019 9
18851 9
49185 10
34042 2
3450 11
49204 4
34037 7
18865 5
34033 2
33929 4
33930 8
18895 61
49231 2
33934 54
18883 106
3330 31
33920 16
18881 3554
3329 117
33922 88
18886 22
33924 17
18885 40
49223 13
3333 7
49242 5
3352 641
3356 25914
33951 12
3344 8
18922 9
3371 38
3372 108
33965 37
3361 99
33983 37
18943 20
33970 10
33971 3
3378 61
18934 6
34676 21
3833 161
3836 11
34660 2
50084 5
34661 8
50088 2
50091 1
3816 1530
18990 169
34645 3
3801 135
34655 29
3807 30
3776 10
34629 9
3786 5462
3790 498
3766 7
34610 12
50173 45
50168 6
3770 46
34619 131
50171 4
3745 26
34594 23
50146 9
34604 6
50156 5
3758 1169
19052 2
50153 4
19050 61
3755 13
3754 193
34602 29
50130 14
3728 23
19024 532
50128 5
19036 9
3741 743
3742 20
50139 10
3737 66
34584 56
50118 35
19008 4
19009 168
50113 35
3714 18
34572 14
34573 57
34568 8
19019 109
34569 72
3707 50
49981 26
34814 10
19133 17
34803 42
3701 21
3700 3
19114 859
49962 7
49963 5
49964 81
34797 47
19117 8
19104 10
3681 14
34786 7
49957 5
19108 917
3685 20
34779 155
3676 3
34781 6
34770 13
19089 127
19092 142
34772 168
49931 5
34762 32
19082 27
49934 15
3662 130
19086 19
3663 42
3651 714
34752 3
34757 7
49925 6
50045 4
34748 21
3644 8
34744 250
3640 103
34747 12
50035 5
34739 6
19181 85
50031 3
19180 96
50027 8
50020 58
19174 25
50023 2
19170 4
19169 681
34723 4
34718 55
34714 286
50010 122
3605 23
19158 49
19159 249
19152 27
34704 14
3602 241
3597 51
19151 81
34700 24
3593 131
3595 166
34695 11
34688 10
19233 21
19237 7
49835 21
34419 52
19255 5
19257 44
34426 16
19261 6
34430 7
34372 4
49800 55
34378 2
4040 169
19214 16
49808 15
34385 2
49810 5
34391 6
4058 311
34397 66
49821 5
19229 62
49895 62
4004 2
49893 11
4007 36
49889 16
49902 7
34347 9
49897 9
34359 33
34358 50
49909 71
19318 70
34354 6
34362 26
19271 369
34309 52
34304 41
34305 21
49866 3
34315 15
34325 9
34326 17
34323 18
19373 19
19366 27
3943 2
19384 46
34554 5
34555 22
34547 103
19381 6
19383 25
3958 102
34549 15
19338 43
3912 38
49677 3
19331 81
3910 125
19332 70
49689 63
34525 16
34513 94
49687 228
3925 8
49774 14
19429 770
34470 16
3900 266
49788 17
49785 15
19406 106
3855 39
34444 13
49743 11
19397 53
3842 36
19422 96
34456 46
49749 4
34450 17
39091 12
22002 8
22006 9
22011 45
39097 9
39102 38
39074 40
21992 28
56430 24
39087 4
39056 7
56402 30
21973 17
21976 155
21981 5
56385 2
39040 6
4358 15
39045 36
56391 16
39046 3
39049 9
56394 4
39156 30
4466 111
39153 18
21949 105
39167 2
21947 134
56356 5
39138 15
21922 41
39151 5
4459 38
56360 3
39125 8
4436 2567
4434 82
39121 3
39120 31
39122 11
39133 4
21918 3
56350 2
39134 64
39107 3
39115 30
4538 5758
4528 31
38961 2
21877 77
38964 3
21879 7
21864 74
21859 106
4515 583
38944 1
38949 11
56538 10
21840 153
38930 123
38932 21
38934 24
56534 71
56523 3
38922 38
21838 2
56514 4
38917 18
56511 2
39039 5
21817 10
4600 8
56503 34
4597 5
21804 37
4589 207
39020 17
21803 62
4581 40
39011 9
39010 132
56477 4
21782 34
56468 6
4565 182
56466 12
4558 42
56462 4
4557 69
21769 55
38987 8
21766 112
38976 5
4544 47
21730 14
56672 15
56677 2
4134 1035
56681 2
21737 35
4136 59
56689 5
39347 4
4150 27
21755 98
39356 77
56702 7
39299 4
39301 24
39310 3
21709 7
39309 10
39318 11
21719 16
56665 6
21724 137
39326 208
39399 17
39392 119
4193 44
39405 5
39401 37
56628 2
21686 7
4208 16
56627 5
56634 6
21688 138
39418 6
56582 19
39375 55
21640 12
4181 150
56595 8
39386 322
4266 76
4267 118
4264 57
39211 11
4265 41
4270 101
4269 21
4258 78
4262 28
39205 40
4263 40
4261 20
21627 20
21628 11
39216 85
39179 9
39180 33
21571 43
21570 52
39168 3
4230 4029
21574 17
4250 7
39193 4
56799 6
39199 3
21599 187
39197 11
39184 144
39279 9
21548 187
21547 55
39273 30
39271 5
56737 2
4323 12491
39264 20
39293 73
21565 356
39295 3
56761 11
39288 12
39289 29
21559 42
56755 5
21513 38
39242 3
21508 62
56707 9
56704 11
39232 90
4319 20
21528 8
21531 8
4314 26
39257 5
21527 20
39251 45
4307 3
39248 8
21523 12
39572 16
39574 19
39569 12
56926 3
39582 142
22489 116
39555 2
56910 13
39560 3
39605 9
56949 3
39603 12
4913 22
39613 32
4927 18
39612 12
39611 35
4922 64
39608 67
4901 4
39591 23
39637 15
39636 9
39642 16
22431 68
39647 16
56833 14
22402 89
22411 4
56844 7
39669 16
39668 17
39676 4
39651 23
22438 9
22442 131
56876 6
22364 63
57049 3
5017 16
22361 7
39451 27
57045 17
39444 4
22356 115
22355 49
57043 10
5009 18
39442 50
22351 205
5006 133
22346 6
39432 21
39434 25
22343 47
4996 22
4997 36
57087 8
57085 2
57084 11
5049 23
39480 4
5050 67
22388 1
22384 17
39473 15
22381 93
39470 32
5033 14
39458 10
22299 33
22302 43
39505 67
39506 8
5078 110
5071 13
56975 3
22284 289
5056 296
39493 6
5061 35
39545 24
57023 2
39551 45
22335 90
57011 3
5104 6
5107 7
39537 11
39543 77
39531 11
39529 9
5089 926
39526 1
4613 35
4609 73
4608 10
39811 58
57153 3
4610 9
4621 494
39822 2
39821 3
4617 6
39816 9
22219 6
4618 266
39817 4
57174 3
4628 34
39824 68
39839 4
4637 1784
39837 2
39835 2
39832 24
22244 26
4645 99
22243 20
57187 179
4641 39
22241 118
57193 3
4651 542
4648 440
39861 6
57207 11
4658 18
4657 3010
4670 370
39869 20
57214 18
57091 2
4673 25
4675 18
22147 11
22150 47
4678 10
4680 36
4685 31
57102 9
4686 49
4694 225
39900 15
39904 6
39906 88
22177 83
4704 31
57129 36
22186 34
39912 65
57128 7
4713 1683
57136 44
39923 16
4721 111
22197 3
39927 13
4725 870
39928 3
22205 68
4750 640
57290 10
4741 39
39685 3
57285 1
4739 668
4765 184
39710 7
4764 29
22110 16
4766 7384
4761 816
4760 286
39704 18
39702 22
39701 6
4755 8967
57324 12
4780 1349
4779 3
4776 39
4777 2
22119 7
4775 1021
4773 75
4770 47
4771 364
4768 281
39743 111
4795 581
39737 380
22132 5
4788 1775
4787 414
39728 16
4808 1539
57227 5
4809 1047
4811 265
4812 2679
4813 386
39756 39
57218 68
4800 323
4802 468
57217 38
4804 423
4805 1
4826 1604
39775 18
39762 3
4816 134
39760 2
4818 8
57239 26
39765 3
39785 60
39787 5
57259 15
57261 14
4847 1381
4844 19
39791 6
4845 16
4833 5
39781 3
39783 8
4837 1285
4862 11
4851 16
39792 392
22070 28
4854 15
4853 68
40191 228
40189 2
5503 24
55355 69
55352 118
55353 34
55350 7
20917 2
55351 76
20919 8
5495 14
5488 45
20912 22
20915 7
5484 23
20910 46
20911 22
5486 155
20904 15
5480 10
5483 381
20900 25
20902 11
55330 159
55329 168
20895 11
5468 3
5466 177
5467 60
5462 18
40151 31
20884 32
5459 15
55314 36
55309 41
20875 119
20873 4
20870 142
20866 8
40128 6
20985 38
5432 190
5433 8
5434 112
5435 11
55423 30
5438 114
55410 3288
5425 58
5427 19
5429 13
5430 19
5431 2
20969 5
5416 220
40111 201
55405 9
55395 7
20960 212
5408 52
5410 20
5413 193
20965 226
55385 6
5403 18
5400 693
20952 4
20959 29
5404 23
55391 3
5394 15
20946 4
5392 4
20950 2
5396 58
55383 3
5397 5
5387 15
5386 14
5385 16
5384 371
20942 7
5391 94
40076 16
5390 19
20940 2140
55361 15
20931 10
40065 136
20928 182
5377 17
40068 20
20932 21
5381 25
5617 344
5616 8
5631 4
20799 15
40061 6
20773 89
5605 22
5607 227
20771 93
5602 146
5603 216
20783 6
5610 130
55465 40
5588 1444
55441 121
20755 4
5585 9
20766 4
40028 47
20764 383
20738 19
5568 68
55427 12
20751 6
5583 18
5580 1206
40015 69
5578 312
20746 333
5576 17
5577 71
20849 7
5552 21
20850 47
5555 24
55536 27
20852 138
20853 37
5563 208
20860 106
20861 4
5564 11
5537 32
5538 32
5539 21
55526 48
20836 60
5541 271
20842 24
5547 25
20845 32
55532 13
20847 13
5550 11
5523 7
5521 14
55508 8
5524 8
55515 157
20825 59
39964 10
5532 37
5504 29
39939 67
5511 1413
20804 559
20811 43
20810 5
39944 7
5513 3
20815 14
5518 130
39948 59
20655 13
20647 31
20640 15
20661 16
20657 17
20621 3
20616 16
40395 35
40393 15
55554 158
40387 21
40414 13
20632 273
55577 71
20634 12
20629 13
20631 18
20714 7
20712 32
55658 79
55663 14
55649 28
20704 14
55653 25
20731 11
20730 10
40383 8
55665 16
20722 31
55666 88
55670 13
40328 63
20686 19
20676 224
55644 946
55636 5
40341 36
20694 5
20519 4
20516 6
20515 2
55713 248
20514 8
40300 70
55720 90
20521 92
20535 1
20533 63
55740 74
40317 36
20539 29
55738 3
20485 1808
55685 31
40260 10
20483 3
20495 13
55690 18
20500 26
20497 1
40284 16
40285 362
55707 15
20504 6
40281 21
40224 9
20581 5
40237 21
20590 8
55794 36
20598 16
20597 15
55803 19
55805 206
20544 21
40193 11
20552 62
55761 34
20562 519
55766 14
20569 9
20570 24
40220 141
55772 11
55836 27
55824 438
21392 22
55828 10
21396 42
21385 70
55821 27
40653 5
21378 29
21379 17
55865 4
21437 28
40702 21
21438 8
21430 7
55850 13
21409 20
21413 58
21414 78
40676 265
21462 17
21461 23
21453 130
40581 27
21442 17
40579 3
21501 15
21500 30
21502 116
21497 36
21495 3
21488 50
21491 108
55915 13
21480 8
21483 31
21479 34
21472 9
21473 33
55953 7
21266 2
40528 13
21274 38
21277 118
21250 15
55945 21
21263 14
21261 11
6128 1466
21299 274
6130 375
21305 38
21309 36
6140 6
21310 12
21280 10
21282 6
21284 45
21287 4
21286 37
6122 45
21294 54
21332 79
21333 5
6034 166
56030 58
21341 198
40473 19
40475 7
6022 1
21312 21
40457 6
21321 97
21365 8
21367 14
40498 54
21362 6
6067 22
56048 53
40511 18
6079 201
56038 7
21351 142
56046 438
21356 9
6062 36
56042 37
21353 33
6057 597
56040 95
6059 21
5704 83
21131 4
21132 3
40911 31
21123 4
21127 689
56088 4
5723 11
5725 5
21151 6
5726 33
21150 15
5713 633
5714 84
40913 34
5715 51
21142 27
5719 21
5738 51
56106 16
5742 48
21155 35
5730 1
21156 25
21183 50
21175 4
21174 2
40948 30
5645 100
21195 48
21189 46
56133 3
5639 261
21191 112
21213 13
21215 8
5662 21
21211 18
56149 12
5650 429
21230 12
21229 3
56169 2
21226 3
5669 12
5668 276
21219 890
5664 6
21246 82
5693 176
21243 7
5690 55
5691 20
56186 3
21236 30
5683 6
21233 2
21232 7
56203 8
21007 11
40784 5
21011 317
21013 40
40788 29
56218 5
21017 15
21021 82
40805 24
56233 15
21040 6
56247 1
56246 57
21050 214
40824 29
56251 6
56252 33
56260 4
56258 140
21057 40
5760 48
21056 13
56257 68
40715 45
21064 7
5769 831
5778 302
56286 5
5794 4
21103 22
21101 3
21100 4
5800 117
56309 25
56308 89
21107 42
21104 17
21105 11
40762 9
23913 4
6568 146
36907 15
23905 7
23910 5
54523 5
36923 34
23930 322
54527 24
23934 6
23935 23
36925 88
36912 25
23923 80
54519 19
6580 5
36916 29
6582 32
36917 9
36873 33
54473 100
6539 255
23881 66
6536 33
36874 24
23884 73
6528 31
36866 67
23879 2
36868 28
54489 35
23899 56
6559 11
36881 12
23889 359
23895 9
36885 60
23893 40
36887 69
36974 73
23855 41
36971 2
6629 72
36965 4
36962 13
36961 11
6653 12
36991 11
23871 106
6648 912
23862 10
36977 70
54412 8
36943 13
36937 501
23816 14
23815 1
6598 41
36932 141
6594 23
36928 13
36930 63
23838 43
6623 14
6621 447
36958 52
6620 109
6619 215
6614 186
23829 20
36944 61
36947 204
37027 146
37028 28
37035 19
54376 77
24043 9
24047 4
37037 57
6450 70
6453 3559
37045 2
6458 14
6459 113
6461 7406
37054 376
37053 23
36992 432
36994 301
6400 25
6407 314
36997 91
6405 10
6412 234
6419 55
37011 5
37013 2
6423 29
37012 17
6421 163
6428 38
6429 286
24028 48
6503 1755
54308 19
37088 17
6498 50
6509 82
37100 210
37101 10
6505 38
6517 654
23988 3
37110 15
23991 19
37105 86
37119 8
6471 610
54276 7
37061 122
37063 51
37057 26
23936 16
6479 3
23951 72
23948 21
23947 615
6473 9
23944 102
6487 84
37076 12
23956 91
23953 48
37075 12
54301 14
23966 296
37084 163
23962 1
23674 264
23673 156
37179 62
23678 88
6334 12
23679 86
37182 3
6332 184
37183 12
23666 52
6327 997
23671 28
6325 307
6315 28
23657 57
23661 15
37153 39
23650 448
23649 29
54756 5
23655 176
6296 3
23641 5
23642 13
6300 45
6303 19
37148 441
37137 3
23637 23
6295 34
37140 11
37133 79
54720 13
37125 5
6391 20
6389 3074
37238 43
37233 34
54700 7
37228 30
6372 26
37223 56
6364 51
6367 217
37213 7
23576 91
6360 55
37209 12
37204 33
54676 4
23575 35
54668 4
23563 598
6347 5
37187 89
6337 5
37184 14
54646 9
6197 22
54648 7
6203 40
37306 8
54652 5
37308 24
37280 2
23779 7
37282 546
37284 7
6181 452
6189 5
6163 49
37271 39
6167 1220
37273 135
23774 2
37276 43
23745 56
6147 1798
37248 4
37254 14
37255 4
23750 64
54596 73
37253 15
23752 147
54600 61
54607 6
23756 50
6263 22
6261 9
37374 21
37347 6
6254 22
23724 594
37358 8
37353 10
23700 119
6224 37
23709 4
23686 2
6210 10
54543 12
6221 49
6223 78
54540 158
6222 56
23688 53
24399 44
7055 45
7050 3
7048 21
7049 1218
7046 422
24390 2
7066 52
7065 163
55002 69
7057 9
24400 243
37395 9
7086 10
24445 62
7098 3
24437 3
24439 12
7091 10
24435 58
37451 13
54924 27
7106 81
24323 73
24324 26
37468 13
24348 4
7132 84
327693 14
54929 6
37457 898
24342 99
37463 42
37483 8
327733 49
7151 45
37475 17
54945 29
7162 77
37497 13
54972 45
24516 13
24514 128
6913 4
6912 10
6922 95
24523 67
6921 29
24521 63
24535 69
24534 36
24532 55
37521 5
24528 39
24541 15
37529 12
6939 4473
24538 54
24536 8
24550 27
24547 54
6954 9
37545 58
6966 11
24560 1770
24572 10
37571 11
6983 2391
6981 1
6994 14
24475 3
24479 9
7004 1050
54815 4
7011 1078
24482 15
7012 10
7015 643
7014 49
7016 204
24489 4
24490 42
7018 14684
24492 102
37612 6
37613 30
37619 23
7029 3455
54846 2
37628 3
37662 126
24155 162
6805 65
24151 42
6802 37
6799 123
24138 323
24133 2
6789 48
55236 5
37637 22
24129 12
6786 9
24130 733
6846 32
24186 113
24187 93
24183 46
6834 9
6833 14
6830 1649
6828 150
24173 95
37678 26
37672 6
6824 7
24167 5
6820 7
6821 94
55264 20
24088 70
24090 7
55199 4
6876 19
24093 130
24095 2
6866 157
24085 53
6870 12
6856 14
55176 1
6858 9
24077 216
6863 27
6848 233
6849 1286
24066 5
6853 9
6854 144
6855 303
24122 42
6905 24
6904 31
24121 1
55229 5
6911 8
6910 254
6908 213
6903 9
6900 77
6894 15
6880 5
6881 36
6886 122
6677 33
6679 28
6672 17
55130 2
6682 17
6661 119
6660 260
6663 277
6659 24
6667 82
24309 99
6718 58
24319 42
6714 34
24315 10
6713 650
55140 31
6694 10
24295 17
6703 331
6702 22
6700 202
6699 5
24298 16
6697 296
6736 104
6738 20
6739 501
24210 15
24213 33
24212 22
24218 106
24220 13
24192 10
6723 15
24195 14
6724 52
24198 1
24201 84
6731 62
6730 241
24203 379
6735 7
6734 5
6768 112
6769 23
6774 90
24247 32
6775 8
24246 137
6772 29
24245 22
55095 100
6778 6
6777 1
6782 5
6758 13
24228 4
24229 22
6762 2756
24238 38
24236 3
7654 33
22822 147
7660 12
37996 18
7657 20
7668 27
7670 125
7664 4
38001 54
53439 17
7679 62
53435 15
7672 21
37958 21
7616 28
7617 1
53388 2
22799 25
7631 13
7629 72
22792 13
7636 7
7633 385
7632 25
7643 621
37978 23
37930 18
53480 6
7594 8
37928 10
53486 13
7597 2825
7598 6
22894 17
7600 91
22898 18
53488 43
7602 155
7604 72
53497 9
7610 35
22909 57
22911 514
7552 1953
7562 236
37906 4
7568 1
7575 380
7578 11
22873 35
53471 6
7533 59
22958 98
53292 14
7529 76
7527 3
7522 218
22969 20
7545 2600
7546 3
7540 148
7543 86
7539 87
7502 12
22927 2346
7500 5
22925 157
38095 57
7497 882
53258 18
38091 999
38082 223
7514 46
22936 4
7511 13
53264 78
7506 34
38097 78
7505 6
7465 14
7469 9
7470 983
7459 339
23033 65
7473 1046
7474 1481
7475 24
38071 11
7477 12
7479 50
38026 24
7438 173
38031 44
38019 74
7430 76
38022 156
23002 23
38040 75
53340 113
7455 2
23005 829
7453 17
53332 11
22581 27
22576 54
53692 11
38264 380
53690 10
22566 129
7397 8
22562 59
22561 2077
7393 27
7407 2
22573 119
22571 37
38248 77
22568 3
7381 759
22548 28
38229 2
7385 1447
38235 116
22534 31
7361 119
38209 22
38220 59
38193 919
22640 36
38195 42
22646 146
38197 1182
7349 93
22645 73
38199 44
38202 31
7352 8
22652 226
22653 13
38176 38
22625 68
7332 606
38182 142
7342 98
22637 82
7341 66
7315 119
7314 15
38165 6
53727 22
53698 1
7296 38
38146 63
7298 24
53703 26
38149 46
7303 3691
38148 19
38154 12
38158 25
7311 31
7276 8
7272 3
7270 54
7268 12
22691 66
22689 100
7257 24
7250 41
22667 27
22661 6
38340 5
22663 18
38333 140
22781 8
7219 3
22768 23
38322 24
22773 4720
22772 26
53610 35
7212 10
38307 5
22759 119
7194 3
22747 5
53597 9
22750 42
38289 4
38288 12
22742 169
38283 284
22730 2
7181 4
38285 142
22724 202
38278 14
23304 19
38477 44
23308 48
23314 38
53904 1
53907 14
8151 2522
8149 5
8148 9
8153 6
38496 105
53927 21
8167 1803
38500 12
38506 26
38505 19
23338 30
38511 101
8175 7
23342 81
23352 505
38527 29
8190 91
38525 130
23367 11
23374 4
23372 47
8075 258
23383 155
23391 23
8100 38
53989 2
8103 754
23404 57
8111 15
54002 3
38462 9
23422 2
8121 264
38456 169
38457 84
8008 15
8015 31
8002 9
8001 427
53767 14
38616 201
53786 5
8025 41
38621 4
38623 128
38611 27
23465 16
38639 4
8047 75
8057 52
53817 11
23487 960
23486 13
8048 336
23473 151
38640 12
8055 4
23498 593
53828 31
7963 9
7961 17
38544 18
38566 32
23520 1910
23523 3
38561 167
23550 39
7992 92
23541 29
38742 34
38740 8
38726 119
54154 4
38731 24
38732 21
38768 4
7922 1301
38770 17
23089 199
38771 47
38773 9
7925 11
54198 20
38778 47
38753 38
23072 9
38757 10
7911 1
54182 72
7908 360
38759 5
23076 12
23081 4
7829 35
7828 23
23126 299
23127 27
54225 8
54234 19
7832 17
23131 8
23106 366
7821 107
7819 62
23114 13
38710 96
38712 36
54240 9
7843 298
23138 104
23136 85
23148 616
7850 19
7849 43
7774 6
54034 5
23184 39
7753 11
38858 12
7752 29
7754 56
38861 1135
54020 26
7806 11
7794 31
7795 276
7796 21
38888 1
7784 51
7788 264
38880 80
54048 41
23201 202
38883 36
7782 73
23205 21
38809 613
54098 57
23248 30
7693 199
38794 126
7690 28
23243 107
7682 38
7738 2154
7735 4
38835 34
7725 97
38826 6
7718 54
7713 3630
23265 25
8804 14
61223 1
132203 272
8808 5
132197 21
44009 8
26282 7
61231 16
26284 14
8816 9
8821 8
26292 10
44022 40
8820 28
8823 8
44020 2
8825 7
44027 52
26300 21
44030 7
8771 23
8774 9
43973 25
61190 3
43975 340
26244 9
8778 18
8779 13
132165 167
26253 45
8781 175
61200 6
26259 15
8784 16
8788 30
61211 5
43994 120
8798 11
26271 12
43998 6
61287 4
8741 3
43940 10
43939 97
132142 16
26339 3
8749 18
43950 5
8751 113
43948 76
132132 34
8744 16
8758 21
43957 21
8752 5
61297 41
132145 18
43966 18
8764 406
43967 18
8767 209
26367 8
43962 7
8763 29
132106 7
8711 12
8708 676
43911 2
8718 19
8717 616
8726 5
43925 21
8723 31
8732 392
26328 9
26152 17
43882 28
8943 13
8928 1832
26146 8
61349 10
43877 3
8953 75
8954 5
61372 5
26163 73
8950 11
132347 9
26166 15
43892 3
8905 67
43852 93
26114 1
8897 60
8896 12
43843 31
8903 51
61337 12
8926 120
8925 14
8918 5
8877 190
8879 8
26223 9
61417 37
132267 94
8871 6
8870 22
26215 3
8865 8
26209 8
26210 240
8866 937
8893 13
8895 155
8890 4
43833 140
43832 22
43831 9
26230 25
26225 20
8881 740
43826 7
8847 45
132225 2
132228 3
43782 6
61382 4
61400 33
132246 2
43802 10
43797 13
26198 52
61398 3
8851 20
43762 2
43764 5
26548 13
26549 5
26554 450
43769 9
9086 27
9085 15
9063 62
43751 7
132454 21
9066 44
43754 136
9070 142
26512 7
9042 24
9044 38
60948 9
132442 2
43733 29
9049 1147
9051 111
9050 905
132434 5
26496 694
43714 28
9026 2
60929 29
43712 28
26501 7
9031 93
9032 2
26505 23
43720 4
9036 14
43727 136
9038 99
9039 4
61045 2
43700 2
132410 1
26615 1778
26613 1
9009 205
26608 40
9008 10
26609 30
9021 124
43711 22
26617 167
61028 6
61029 7
8999 4
43687 2
61031 13
8997 262
26592 176
9002 1631
9003 13
61034 2
9000 13
43670 7
43668 26
43666 3
61010 34
8990 29
8966 367
8972 137
8968 286
8970 1
9211 40
26426 60
9208 6
43647 4
43646 36
132602 20
26422 17
9204 2
9205 6
132581 23
9193 15
132579 11
9198 1143
9186 32
43620 10
9189 9
43623 6
9182 3
43612 109
61078 5
61070 2
9167 18
9166 5
61059 5
9153 18
43586 13
9155 816
9158 30
26375 68
43583 2
9146 175
43576 8
9145 126
43578 11
9143 76
26484 110
61170 2
9136 10
61171 6
9137 3
26479 188
43561 187
61163 3
9129 21
9127 42
9125 164
43559 4
9122 4
9121 2740
43555 11
9116 1367
132497 131
9119 102
61146 2
9112 23
9113 4
43545 9
26452 64
43542 4
9110 6
43541 16
43539 8
43538 5
26451 4
43537 2
9103 1
61130 2
43531 158
132490 36
61121 2
8262 282
8261 23
8258 6
132687 4
60685 3
8265 14
25746 15
8273 7
25745 9
60703 1
8285 10
8282 11
132692 10
8280 124
25767 21
25761 211
8300 3
8301 51
60717 22
25769 13
43496 1
8309 13
8308 141
60725 137
8311 13
132730 17
8310 8
8304 38
8317 2
8319 14
8194 6
25795 60
8192 12
8193 12
132615 5
8201 17
43405 2
43404 6
25818 4
8218 918
43418 72
60764 20
8220 3086
60771 2
132653 28
8226 32
60775 2
132651 14
43435 2
60782 4
132641 6
8241 7
43443 32
25843 11
8245 112
8247 16
8246 28
25847 41
8249 16
8251 12
25615 46
43343 7
8395 2
8393 91
43338 14
8391 13
8390 115
25607 82
43333 34
43334 7
8387 50
8386 263
43356 20
8412 11
8410 37
43350 75
8402 1593
8403 43
8400 282
8401 31
8431 9
132837 1
43370 8
132839 9
8426 187
25636 93
43366 17
25637 16
8422 65
8416 10
8419 40
43391 186
8445 20
25660 29
8447 324
8440 12
60859 2
8443 74
25653 49
8437 171
25649 13
25648 4
132862 2
25651 13
43376 21
8331 48
132742 6
8330 4
8323 26
43265 28
43266 114
43267 16
43268 3
25668 47
8346 146
43289 19
25689 8
8345 7
43293 1
25694 10
8338 16
8339 15
60884 2
8342 172
8343 83
43284 8
132761 9
8365 14
43310 4
8364 24
60899 3
25700 38
8359 1147
8376 220
132789 16
43320 13
60926 2
8382 21
132787 9
8368 29
8369 38
43314 3
8371 14
8374 34
60917 4
8534 12
8529 210
8530 8
60447 9
8542 20
43226 20
8517 199
43205 23
8519 88
43203 6
8513 114
8515 4
25999 14
43213 2
25993 53
8522 5
43209 15
8565 18
8562 3
8560 46
43260 115
8571 46
8570 85
8569 41
8551 1691
8546 52
8544 41
8545 35
8559 15
43244 1
60456 3
8554 11
8553 23
43152 3
26068 4
8468 124
60501 2
8470 111
43157 2
8473 139
132884 33
8477 13
26076 19
132876 13
43139 18
8449 103
8452 2320
43142 30
8455 236
8457 7
43146 28
43150 21
8462 12
43148 15
26096 13
8501 56
43192 7
26105 134
26110 16
43197 18
8508 14
43171 5
8487 57
8485 8
26084 2
8491 16
132901 5
8495 15
26094 11
8492 136
25885 21
43103 31
25887 29
8664 20
25883 9
43097 12
8660 9
133084 3
8657 53
8654 10
8649 52
43082 22
8648 6
133062 7
8641 249
43073 6
8697 33
43130 6
8692 7
8689 4
25904 3
8685 61
43112 2
25899 91
60587 14
8681 25
8680 85
43109 4
8677 33
43110 30
8676 4
8675 6
8674 27
43106 3
8601 13
60632 2
8607 88
8595 87
43024 9
8596 4
43031 4
8585 10
8586 39
25932 18
43022 100
25933 511
8591 58
25920 4
60610 38
25921 252
8580 24
43067 13
25983 73
8636 23
43070 8
25975 21
43061 46
25973 139
8629 17
25961 28
25967 6
8608 17
8615 99
43045 4
8613 43
25956 164
43046 12
8612 78
44972 4
25320 9
44964 17
44963 102
9790 46
9785 111
131127 25
60280 1
44980 5
44941 36
25293 4
44943 3
44942 25
9738 96
25291 16
9737 952
9733 8
9730 2815
25282 10
9729 203
25308 51
44953 15
9749 27
60241 2
25299 3
45035 2
60203 12
45037 10
9824 283
25249 10
25248 32
9829 1890
131178 90
25255 23
45029 20
9848 1396
25273 48
9842 101
9845 818
60168 18
25227 34
60169 28
60171 13
25229 202
9797 34
25220 41
60187 16
45019 3
9822 393
9821 13
25234 9
131165 4
45010 3
9808 2675
25233 120
9814 87
45013 7
45014 17
45015 7
9893 26
44838 5
9892 26
25189 7
60388 2
9889 70
25184 189
9891 83
9901 113
9902 91
25192 17
44843 35
9908 101
131256 6
9911 293
9905 78
25203 5
9918 112
9919 501
131210 12
25159 148
9871 20
44814 37
131207 19
25163 26
25160 10
9876 16
9875 50
9885 122
25180 184
44826 3
25122 77
44896 48
131310 44
9957 60
44902 22
60330 30
131303 4
25133 67
25137 18
44914 12
25139 22
44913 2
44919 5
131322 38
25143 18
9976 95
25145 74
25144 59
25146 2
25148 14
25150 7
44924 3
25091 39
9927 44
60294 8
9924 869
9931 504
25098 7
9930 567
60299 31
9929 332
60304 5
25106 49
44882 1
9942 223
44889 215
131284 34
44890 1
9950 101
44895 16
44894 18
44733 8
44735 19
25592 9
10036 565
25584 4
60018 3
10032 69
10031 3
25582 8
10029 769
10026 3587
60009 4
10024 48
25577 231
44715 2
10022 195
10021 284
10019 15
10013 183
10015 21
44700 6
131349 17
10010 290
25556 11
25557 5
10002 5
25549 68
44686 13
9999 11
44684 5
44682 59
131334 15
25540 111
25543 44
44677 6
25542 23
131447 19
25531 6
25528 3
25529 2
25534 23
10099 223
10098 247
25520 3
25521 4
44787 3
10103 283
10102 91
10101 9
25525 66
25515 120
25513 34
10089 2
25512 82
10094 95
25505 11
25511 3
10084 40
25509 2
44775 19
25498 3
10077 80
25500 16
44764 9
25490 114
25482 4
25486 13
25473 19
44739 10
10049 15
25472 43
59905 4
131403 2
25478 159
25460 6
60144 13
25459 24
10160 95
44605 16
44604 7
60158 4
25468 5
25467 41
25466 1
44600 75
25446 29
25447 56
44581 84
10145 17
25441 18
44579 13
25454 104
10158 26
60137 9
44585 21
44587 29
60118 14
10133 37
10135 41
25424 12
44574 28
10143 369
10118 91
10113 207
25408 70
25409 6
131583 16
25394 51
10238 16
44668 6
25376 3
10208 8
44647 3
10219 28
25386 20
10217 247
25384 16
10223 294
44654 37
25369 28
10201 521
10204 57
25372 10
44611 18
25347 27
25355 1
25358 7
9226 34
24778 16
24776 7
131586 1
9230 43
24783 12
9229 148
9241 16
44444 14
9246 17
59742 15
24785 463
44436 39
24811 40
24810 64
9260 226
9255 118
24829 4
59772 6
9264 108
9269 142
9268 98
44468 7
9270 141
9293 457
44494 4
9286 215
59653 12
24709 69
9308 82
24730 17
9304 1191
44507 17
9303 33
24724 241
9299 1415
24722 77
9298 48
9297 8
24720 1
9325 67
24748 69
9326 57
24750 7
44522 18
59689 2
9316 119
9318 5527
59682 7
9313 29
44514 4
24739 61
9315 24
44512 5
9341 58
9336 8
24762 9
131702 248
59701 3
131706 14
9329 260
44530 96
9328 40
24753 95
24641 8
9351 29
9354 108
24651 19
131717 10
44302 4
59856 9
9365 19
9370 75
9371 22
9374 22
24672 23
9381 666
44327 42
131755 11
59876 3
24679 41
24680 3
9387 358
24682 3
131772 3
9394 1413
24691 8
9396 39
9398 1
24699 44
24703 58
24582 5
44356 30
24579 3
24576 3
131788 6
24590 2
131778 11
24588 25
24589 51
24586 15
9416 85
24599 7
44375 76
24594 4
24593 3
24592 6
24607 21
44381 9
44383 8
24602 4
44391 23
9441 32
44387 7
9443 664
24611 8
44395 87
24631 53
9457 1059
24626 82
24637 26
24638 12
9466 183
24634 38
9497 356
9498 8709
44185 3
9500 4
9503 365
9482 152
25035 3
59469 12
44160 12
59460 5
25082 5
44217 289
59515 9
59514 7
25081 2
25086 43
59516 3
9534 163
59519 10
25084 14
25074 201
59507 5
9526 24
59497 16
59498 7
9513 10
25071 32
9519 16
25070 9
9506 83
9505 190
59492 3
44196 3
25061 5
24989 165
9556 25
9549 14
44237 151
24971 33
9541 204
24961 54
24962 2
44285 20
25019 864
44281 10
59444 5
59441 4
9587 332
59442 7
9584 113
9583 1979
25003 132
44265 11
25002 28
44267 49
59431 13
24995 8
44257 24
44050 68
9618 8
9621 4
24916 17
44053 24
59605 250
24923 61
9627 38
44056 10
9601 12
24896 17
44033 5
9607 28
59595 13
9609 131
24904 7
9614 23
9650 52
24945 18
9655 25
9658 649
24955 367
24953 10
24958 38
44066 25
59620 9
59622 1
24936 6
24940 69
44078 4
59542 24
24852 29
9680 12
24848 6
24863 1173
44124 22
59547 18
9689 84
59527 3
132040 13
132045 37
24832 11
132047 27
9667 13
24835 495
24846 18
24881 20
59581 3
132080 10
24893 3
44158 14
9723 227
24890 21
24889 9
132074 1
9700 13
44135 3
24867 133
24864 7
59554 2
44141 7
24875 10
24872 18
59562 6
59322 10
28220 68
41854 27
28208 9
41842 26
28210 53
41847 31
28201 15
28202 181
28205 25
28207 36
28192 54
41824 8
28198 27
41828 13
10970 93
28186 93
41820 28
10972 11
28189 15
10973 6
41822 52
41811 20
10961 27
28183 34
10954 18
28171 39
28168 548
41802 3
28169 15
28173 57
10947 13
28161 15
28166 17
59268 16
41798 210
28285 45
41791 1
28284 8
28287 66
41789 96
28283 59
10932 3
10933 46
28279 19
10929 95
28268 13
28271 51
41770 2
59370 7
28266 61
28267 47
59367 4
28260 47
28263 51
41765 7
10913 699
10912 471
28258 59
10910 269
28255 17
28250 88
28247 3
41749 10
28245 38
28244 47
28241 54
28239 7
41743 13
59337 1
10886 82
41733 15
28226 128
10881 41
28224 57
28338 92
28343 220
28346 17
41976 12
28349 54
41958 7
28329 269
41960 11
41967 20
41966 8
41965 19
10835 252
28306 53
10834 444
41937 34
41938 15
28310 44
10838 147
28309 37
41943 9
41920 22
41925 26
10823 29
28293 5
28292 19
28299 33
41929 5
41931 18
28303 586
28400 343
59249 34
41904 3
41913 14
59239 2
10796 1861
41900 40
41898 5
41897 91
10774 12
41877 14
10771 9
10770 10
28368 254
41887 57
10778 23
41881 103
28377 3
28359 53
10756 8
41863 3
10753 328
28352 37
10764 1
41871 8
41867 4
28360 38
11242 8
11240 12
11233 2
11232 156
41571 21
41572 36
11259 37
41596 3
11260 121
41599 5
41589 18
11255 12
41540 12
41562 2
41560 47
41554 6
41552 9
28438 213
41556 5
41508 7
11172 1805
11170 14
28512 209
11168 23
28513 13
11195 5
41479 4
41476 6
11139 623
11164 38
28509 619
28511 4
28510 2
41496 15
41495 8
28502 28
28497 4
58913 16
28576 17
28580 116
11114 20
11115 29
41704 20
58923 24
41709 9
28590 13
41710 15
11123 20
58933 25
28598 101
41722 28
58941 1
58940 20
58943 35
58942 32
28605 25
11074 38
28548 73
28550 20
11081 83
28554 250
41678 17
11096 157
41691 41
41689 32
41692 27
41639 2
11045 23
28642 43
28640 65
28654 32
28653 22
11051 18
28649 81
28663 43
41653 13
28658 21
11058 21
28657 8
11071 30
28668 46
28669 68
28666 74
28667 155
41659 31
11013 29
41606 21
11014 351
58945 8
41600 4
11017 4
11019 19
41622 4
11030 24
11025 119
28624 41
28625 254
28637 46
41631 4
11032 44
28634 32
27678 13
58782 12
41305 4
41307 5
58779 78
10457 43
41296 7
27665 105
41288 5
41281 4
41340 4
10490 55
41336 3
58803 3
10481 738
27696 123
27693 47
10475 10
10474 127
10464 44
10466 6
41313 364
27742 87
10396 94
10397 62
58825 6
27720 30
27724 577
41230 14
27715 48
41221 25
27717 67
27768 187
27773 494
10429 1759
10430 87
10417 14
27765 1037
10421 9
41268 5
27757 1092
27759 21
27745 15
27750 19
27751 64
10326 5
27796 28
41431 6
41426 99
41427 7
27807 19
27805 80
27800 7
41435 24
10310 231
58629 34
27781 23
10318 217
41421 5
58678 135
10352 11
10355 25
58672 56
10367 13
58682 88
27814 16
58656 227
27810 39
41440 336
41454 2
58668 29
41453 1
27822 127
58666 5
27817 40
41360 20
58704 39
41364 5
41369 40
58715 189
58717 330
10271 26
58688 35
10242 24
41345 1
27841 4
58691 68
58699 13
10288 5
10292 319
27893 2
27895 77
27896 4
41401 2
27900 3
10302 7
27876 83
10278 43
58725 8
10279 70
27881 55
10282 1
27882 215
27884 136
41390 5
27887 15
58511 66
41038 5
58507 11
41034 54
27908 1
10692 6
41024 5
27932 82
10715 15
10708 27
58514 7
27951 105
10733 41
10732 8
27947 1112
41066 101
58552 279
41082 6
41075 47
27978 73
40975 21
27983 209
10625 39
27969 35
27970 48
58587 165
27992 4
27986 163
58601 213
41006 2
28000 9
28007 7
58599 10
28005 6
28024 111
58620 19
58621 38
41023 6
10674 58
58610 2
41011 8
28036 21
41157 2
28032 107
41152 11
41165 9
58381 7
41164 40
41175 22
58389 243
10583 22
41168 10
10578 116
10587 19
41176 16
58392 5
41190 11
10594 33
10607 14
58430 13
41209 27
41095 142
58439 14
58436 26
28103 43
58443 42
10507 128
58453 107
28118 38
58452 11
28122 4
58463 63
28124 33
28125 11
58461 114
28126 48
58464 4
28130 13
58466 318
28135 108
28133 15
58473 3
58474 6
28137 21
28136 21
28142 73
28141 25
41134 9
28146 210
58482 18
28145 47
10550 40
58486 30
28155 21
28152 4
28158 36
41148 7
41151 9
42800 7
11966 13
11960 23
27257 92
27258 115
42787 4
11951 60
42773 2
11924 52
58321 8
11921 68
27216 45
42781 122
27229 42
27204 8
58310 5
42753 2
58307 16
42754 12
11904 31
42755 88
11919 11
42765 4
42766 10
11915 130
58314 14
58291 11
12021 34
27193 21
12025 581
27195 14
58303 9
42877 10
27168 11
12000 114
42852 18
12006 18
393266 8
12008 112
27181 3
42861 9
58256 108
11986 52
393223 41
42832 5
393220 3
11994 23
42841 6
11992 374
42845 25
11996 18
393225 3
27138 36
11970 5
393238 71
27139 11
27137 25
42819 2
58247 21
11979 61
11976 134
42831 39
11837 21
393451 3
11835 419
11830 1101
393444 5
58224 13
27373 26
42927 85
42926 304
11816 54
11817 13
393457 2
27364 230
42918 3
11815 20
58208 4
58209 6
42912 42
11806 10
42910 530
58206 5
42905 4
11799 5
11798 168
11796 157
42896 35
27345 5
42892 11
393430 7
42880 2
11776 127
393428 2
27320 4
27322 4
27323 30
11901 6
27325 33
58173 6
11888 110
27318 4
58152 1
42979 266
27299 19
42981 2
27288 27
42973 39
58142 34
27287 20
42965 3
27272 58
11854 25
42957 3
11855 208
11852 10
11853 39
42945 12
11847 22
11845 107
58085 21
42532 2
27501 10
27498 3
12200 128
42549 8
42548 14
27506 266
42546 6
12222 45
42555 36
58055 3
42510 5
42504 15
12180 254
12181 84
42518 10
12182 556
42516 4
58067 18
42514 7
12178 103
12179 317
12188 88
12189 30
393545 2
42526 4
42525 156
12184 7
12187 5
12258 202
27425 40
42596 4
393521 1
12260 102
12271 366
393508 11
42610 28
42613 7
27446 12
27445 13
12284 8
42560 54
42564 1
27400 7
42571 7
42568 24
42574 37
42575 31
57997 6
58002 51
42583 17
58010 5
12252 174
42590 30
12076 115
42667 20
12066 450
12064 58
57982 16
12089 7
57973 3
12087 20
12083 790
42673 26
42675 64
12044 17
27597 41
12046 12
12041 231
12042 501
42632 185
12036 10
27589 34
12033 7
42655 14
42652 171
57948 5
12059 12
57944 2
12143 41
12140 22
57888 22
12130 16
27553 57
42723 3
12129 467
27552 97
12133 8
12154 10
27582 9
57918 8
12145 12
42739 73
12150 37
42742 12
12148 14
42699 4
57864 8
27531 7
12111 23
57858 120
12097 17
42695 16
27524 114
57882 10
12124 142
12127 79
12112 211
27537 5
57873 8
57872 8
57879 3
12119 20
42708 345
57795 20
26689 6
11398 144
42245 6
11403 145
57800 2
11402 16
57807 7
11404 544
42291 24
26739 15
26744 52
42298 136
42303 14
11427 747
11426 572
26724 22
11430 4
42277 10
11432 394
11486 384
42335 3
26652 48
42334 4
57753 8
42310 4
57731 577
11457 16
42306 3
11456 2
11468 12
42313 41
26677 154
42353 9
11507 16
42352 18
57766 1
11492 1182
57763 7
42339 5
11491 15
42337 527
26668 4
57771 1
42346 15
11290 61
11288 11
42395 4
42396 27
57681 1
11280 58
26838 11
26827 71
11272 105
11271 73
11269 33
57723 3
42425 30
42430 5
26878 54
42429 4
11317 6
57707 9
57704 7
26860 4
42403 9
26854 35
11359 14
42456 28
57627 5
42459 32
11351 625
11348 12
26769 145
11342 267
11343 9
11340 208
57608 6
42432 47
26753 27
57662 3
11385 1
42490 4
11383 18
26806 103
26801 96
42480 1
26803 27
42478 3
42477 4
11368 6
42473 134
26794 88
26788 59
11367 16
26785 9
42466 2
11363 9
11650 13
57543 9
11653 21
26949 24
41998 26
11663 23
41997 63
57554 2
11664 2157
11666 64
42000 18
11668 69
42005 26
42010 13
57567 29
26972 58
42014 19
26978 42
42020 223
11686 52
11691 20
11693 76
42031 8
26994 3
11696 33
57588 25
42038 7
11706 10
11711 9
42044 5
11708 9
27005 26
26886 4
11713 6
57474 12
11712 11
26881 20
26882 30
11714 104
42049 6
57487 19
11727 31
26895 15
11722 14
57494 9
57501 1
42084 4
11750 52
26914 10
42081 59
11745 4
57516 13
11758 113
42090 5
57524 2
11766 6
26935 25
26929 4
42109 39
57534 5
42104 8
11530 63
57422 8
42126 13
57420 7
11522 30
11524 10
11550 56
57427 5
11537 116
42132 17
11562 84
11563 8
57451 3
42148 5
11556 169
11557 29
57470 2
42163 38
57463 614
42187 44
42186 6
42184 23
11588 19
27008 14
57344 566
57371 22
27026 53
57388 15
42210 9
11647 36
11643 12
27066 1837
42232 12
27067 13
27064 4510
27065 1668
42235 8
57397 94
42226 5
57394 5
42227 5
198224 3
30619 61
13147 59
198229 2
13121 13
198218 5
13122 23
47809 58
47814 14
13124 251
47815 5
13127 53
30600 45
13133 2
13132 4
13170 8
13169 22
30640 21
13173 17
47862 15
13178 17
47869 77
13180 3
30653 10
47843 56
13157 3
13156 60
47764 36
198171 5
13075 3
47773 2
30686 57
198157 2
47748 17
30663 7
13056 13
13069 15
13065 5
30666 17
13066 2
13110 66
47796 99
30709 1
13106 3
47794 128
13118 101
13119 6
13115 4
30712 19
13094 53
13092 10
13091 37
30691 17
47777 23
30688 88
13088 3
30689 93
13101 34
30700 16
30696 30
198354 6
47698 5
47696 9
47702 17
13270 20
13257 21
30475 31
13259 11
47694 6
47692 38
13249 130
47680 6
13253 6
198385 5
13307 17
13304 37
30526 12
30524 42
47742 16
30517 46
47720 22
13289 3
30504 27
47724 6
13293 8
47713 3
198378 3
30496 93
13285 93
198295 5
13213 59
13208 34
198288 5
47637 4
47635 6
198297 43
198279 16
13193 69
13194 102
30539 10
13188 1063
47623 20
13189 68
13184 63
13247 8
13246 1
13238 89
30583 28
13237 517
13236 10
13230 7
47656 3
30336 52
48067 4
198477 14
12871 13
30340 24
12874 861
12872 5
48076 23
48081 4
12883 252
12880 946
30359 15
48089 6
30362 15
12895 2
48092 10
12897 33
48096 13
30372 7
30373 149
12905 23
48106 7
48108 2
12912 12
48115 3
48112 2
12924 2
12926 11
198517 4
48124 2
48004 12
198415 2
48000 11
12810 25
12808 6
12817 3
12831 107
12829 110
198416 35
30436 6
48039 26
12835 12
12847 20
48044 4
30447 21
198435 39
48043 8
12843 134
198432 6
12842 33
48052 6
12849 371
12850 20
48057 32
12859 70
48056 9
13002 10
13003 2
13000 28
30217 54
47949 2
47951 4
13005 3
30211 8
12993 14
12998 10
198605 15
12997 47
47961 1
198610 31
13009 12
13032 6
13036 16
13037 20
13030 788
30247 9
30264 7
47995 1
13055 12
13041 14
30259 20
13045 10
13046 34
30263 11
47989 4
47887 35
12941 16
47881 2
30282 183
198541 9
47872 7
198539 4
47902 8
12956 2468
198545 4
47895 21
12946 26
12975 307
12968 88
12969 29
12971 2
12963 51
12989 428
12990 17
12986 4
12980 68
12976 48
12978 204
30134 4
30132 4
30130 4
12657 4
12670 308
197750 6
12668 31
47358 25
197744 2
30119 56
197742 3
12644 67
12642 7
47329 22
30126 4
12653 41
30124 4
12651 4
30122 4
197731 3
197726 13
30097 3
12625 2
12637 70
30110 10
47321 2
12615 277
12611 78
30094 151
12617 23
12618 18
12594 7
12592 3
12593 19
12599 2
12597 42
47293 2
197686 13
12605 8
47264 39
12578 414
12577 2
30176 56
30183 36
12580 6
47271 5
12586 371
47273 6
47249 2
30162 19
12564 31
30167 39
47253 16
12570 20
30170 40
12545 4
47232 26
197640 4
30147 28
47236 17
47242 16
12552 381
12555 3
47241 5
12556 3
197637 4
197636 2
47245 21
12788 7
47223 16
47218 53
47215 19
12778 27
12779 72
47211 4
47205 21
12772 254
12773 88
29988 1
12768 140
12769 8
12764 29
12767 28
47196 12
47184 46
12754 172
197826 15
47176 3
12741 1118
47169 59
12739 12
12731 25
12730 6
30072 5
12735 230
47165 27
12732 33
12722 4
47159 7
12714 251
30059 12
12715 307
47147 22
12713 37
47148 31
197798 34
12716 74
47151 10
12705 196
197804 6
47141 3
47143 39
12709 61
12703 95
30032 5
47123 14
12690 14
12693 22
30036 1810
197790 11
12695 361
12683 23
30029 8
12685 3
30028 26
47118 10
197764 5
47117 3
197765 14
12687 19
47116 12
47105 2
47104 5
12676 18
47111 4
30023 128
197999 8
12389 1880
29861 2
12390 86
29863 218
47586 32
12387 10
12386 30
47598 4
12399 3
29870 18
47594 4
12392 112
12406 258
47605 55
12400 189
47601 60
12414 13
29886 6
47608 17
12357 15
197960 3
12353 23
29838 109
12361 7
47562 4
29846 4
29844 26
47569 12
47570 32
12380 26
12381 21
12321 8
47522 4
12322 28
12324 7
12327 9
12329 17
197922 17
47531 4
29930 13
12333 8
12332 114
29933 31
47535 5
12334 87
12337 95
12338 26
197945 1
47541 8
12343 3
29944 61
12346 17
47544 6
12348 8
12350 32
29889 21
12294 22
12297 130
12303 6
12302 651
12301 215
47502 5
12306 62
12305 3
47506 2
12310 136
29909 24
12314 2
12315 13
12312 59
12316 4
29737 9
47463 10
29732 3
47456 4
12541 44
12540 3
12542 121
47480 16
29748 81
47478 13
47474 23
12530 140
12494 11
29709 11
47439 9
47438 10
198080 2
12491 229
12482 3
29699 324
12480 24
12481 4
12510 10
12507 12
47451 2
12502 8
47445 19
47447 32
47440 9
29712 7
47442 314
12496 4
29713 19
198048 2
29802 82
47395 34
47394 39
12453 5
12455 104
12479 956
12466 19
12470 3
47370 2
12430 17
12418 194
29761 281
29760 4
198036 3
29791 128
12445 12
29789 8
198040 36
47377 56
47381 22
29657 10
29655 17
14103 43
29649 32
29648 112
197145 64
29644 30
48781 8
14090 61
14085 3
29636 15
197133 17
14086 1
29632 149
14080 3422
29695 36
29691 73
29687 20
14135 61
29686 46
29685 19
48823 8
14133 82
29684 269
48822 2
14127 93
197158 3
48815 16
29674 12
197155 2
29670 13
29668 13
14116 12
48803 5
48858 14
197207 91
29596 30
197204 8
48854 6
197212 2
29576 2
48842 3
29582 161
14147 16
48832 126
29571 277
48889 6
48880 2
48882 6
48885 7
29620 4
197216 17
29608 42
29614 109
14178 109
29600 13
29606 1
29607 6
14230 211
29527 12
48658 2
14237 20
29534 2
29535 80
29530 3
197264 11
48642 52
48641 4
48654 4
197253 2
29518 72
197248 13
48648 10
14263 39
48695 27
14259 1296
29553 3
14271 5
197300 6
29562 67
14265 188
197294 3
14244 188
48674 2
197284 7
29551 58
29550 28
48683 4
29544 6
29456 20
14288 40
29457 25
14291 27
197343 24
29465 140
14299 42
48728 9
29467 15
29468 17
29442 5
48708 2
14280 8
29449 9
14282 39
29453 2
48719 2
48716 12
29491 32
48756 3
48757 9
14325 65
29492 13
48737 28
29473 4
48738 4
29485 68
197377 4
29386 72
29384 27
29382 6
49029 3
13826 21
49025 10
13825 50
13855 23
29405 57
29404 5
197394 6
29396 29
49070 10
13868 22
13871 20
29422 48
49064 3
197422 4
49063 76
29414 51
49058 3
197426 23
29432 2
13876 436
49079 8
13878 134
49074 159
49101 2
49102 22
29314 125
197453 5
29319 21
29329 8
49109 6
13909 7
49131 15
29354 4
49120 11
49125 8
49151 3
197495 5
13951 164
29363 5
197501 4
49140 3
29252 16
48910 36
29259 4
197506 130
197535 7
48918 104
48919 2
197530 5
29278 235
197524 19
13979 79
197520 2
13977 969
29285 19
29287 3
29286 104
48943 23
197541 8
13999 471
48940 7
13994 12
29300 12
48950 23
48951 22
14007 7
48948 9
29303 35
197556 15
48957 31
29304 46
29305 4
48961 13
197578 2
197580 20
29190 26
48964 108
29194 10
48971 7
29199 2
197595 51
14041 80
29208 141
29209 4
197588 15
29213 4
29217 25
14051 99
197602 3
14059 12
29226 127
29232 3
49019 4
197617 5
49023 7
29177 26
29182 87
13618 9
29170 52
48309 70
13614 6
29154 28
48288 5
48289 9
29152 27
13607 14
48293 29
196655 5
13592 125
29147 7
48287 64
48275 15
196638 23
48278 12
13591 478
13576 161
13578 3
29134 5
48268 5
29124 21
29125 77
13694 4
29119 397
13692 49
13693 128
29107 32
48371 3
48370 9
196709 2
48366 10
196705 12
48362 7
13672 105
29091 97
196714 12
196695 9
29084 169
29081 4
48347 71
196691 15
13657 19
29076 419
29073 27
48339 6
13649 459
29075 114
13645 19
196678 7
13644 9
29069 20
29071 4
196675 3
29066 27
48326 8
48327 18
29062 19
29056 40
48323 13
48176 31
196797 73
29046 48
13750 37
29047 14
29050 7
29049 563
196788 2
29053 90
13730 4
48161 411
29031 7
29030 14
48166 36
13739 27
48173 33
48172 65
29037 21
196763 16
29012 8
29014 43
48148 5
29017 61
196753 47
48159 648
48129 3
28994 10
28996 12
13703 32
13706 4
29003 5
196742 16
29007 7
29006 7
28978 3
48243 7
48252 19
13819 22
28986 2
196844 6
48229 5
28964 47
48230 11
48237 1
13807 20
48239 7
28972 5
13802 16
28968 125
48234 4
48212 10
196826 5
13776 17
48209 12
13789 705
48223 5
13791 191
13790 108
13787 49
13765 10
13767 246
13760 220
196807 3
13773 39
48204 4
13768 1076
28938 18
48200 11
48555 51
28906 7
13354 168
28907 31
48559 10
28910 71
13345 46
196914 6
48570 3
48569 12
48575 23
48573 29
28926 43
13363 4
28917 262
196925 162
13367 100
196865 27
196864 2
28878 42
28876 7
13324 2
28877 4
13319 34
28870 7
196878 34
48519 7
28891 3
196881 4
28890 91
48539 12
48538 6
13340 11
13331 7
196890 6
28881 3
13329 366
48533 11
13335 296
28886 15
13332 101
28885 173
13333 78
28884 41
28840 80
28843 5
48614 12
13415 52
48612 22
13414 14
196983 25
13438 12
48635 76
13433 10
28859 2
28858 9
28849 19
28812 14
13385 151
28802 2
196936 4
196938 2
28801 2
196948 3
28825 1
28824 6
48592 7
28769 88
197035 5
28768 8
48417 10
13478 7
28775 15
13480 28
48427 4
48424 27
13489 894
28784 2
48434 23
13490 50
48438 10
197043 45
197046 4
28738 31
197002 7
13446 16
13445 36
28747 12
28745 238
28751 15
28750 3
197017 8
28762 24
28760 5
28761 47
48487 5
48485 7
48484 5
13536 157
48483 2
197099 9
28707 14
28717 69
28716 166
28719 169
197091 27
28712 13
197118 7
48500 9
197116 2
13555 25
197068 15
48453 10
48452 88
197071 69
28676 17
197064 27
28685 24
28684 17
28683 86
48464 9
48467 26
28703 13
197078 16
48479 91
28697 2
15305 53
32524 59
15296 155
15301 5
15320 13
45650 23
15318 14
32554 5
45665 39
45669 20
45668 48
45671 84
15353 5
45680 10
15344 63
15348 6
45572 32
45599 15
45595 247
45588 42
32592 131
45587 223
15250 14
32623 10
32613 46
15267 37
32609 12
15265 8
45629 306
32634 3
15290 1319
32626 17
32625 13
15169 308
45762 15
45763 46
15177 9
32650 2
45769 377
15180 75
32654 20
15189 13
15191 15
45786 59
32678 4
45796 183
15206 360
15219 53
15221 4
32698 21
45816 54
32703 215
45820 2610
15108 46
45699 66
32719 41
45718 13
15133 254
45725 42
32734 4
45723 2
15129 7
32742 8
32743 110
45735 1
45729 9
15149 20
32748 168
15152 5
15164 78
45758 301
32760 21
15065 22
32286 11
45916 225
45896 313
45899 756
45898 1
15054 10
32270 15
45903 192
15042 4
32262 9
32314 10
45951 184
15090 8
15085 242
45932 83
45926 5
15006 33
45854 14
15003 833
45845 14
45846 4
14993 2
14988 94
14989 51
32329 25
14985 38
32328 31
32327 35
14979 112
15029 3
15024 14
15026 40
15011 37
32354 24
14929 19
32413 24
32385 18
14921 43
46031 19
32440 224
32421 771
46053 1
32425 26
46062 8
14868 311
14866 37
14864 11
32479 5
32477 18
14877 128
45953 15
32448 97
14860 32
45960 62
14901 13
46015 19
14909 29
14910 31
14904 58
32505 16
14905 66
14907 3
32491 2
14828 23
45166 45
14824 8
45157 16
45158 7
32035 35
32034 56
45177 62
14840 647
45179 8
45170 9
14832 26
45132 47
14793 90
32028 25
45147 571
45142 22
32016 13
32107 136
32105 42
14754 424
14755 24
32098 463
32097 50
14753 71
14756 2
45117 167
14773 6
32068 347
14745 439
14744 244
14747 2
14743 216
14742 191
45287 39
32162 4
45280 8
14702 7
14701 31
45289 26
45300 20
32181 25
14709 24
45302 20
45296 40
45298 42
45309 237
14717 134
45305 48
45253 2
45250 191
14669 23
32145 9
45267 18
32152 12
45274 1
45273 15
45224 74
14638 50
45230 13
14651 12
32249 8
45194 396
14605 5
32205 25
32212 22
14615 65
45204 126
32222 14
14589 24
45437 23
45430 110
31797 6
45425 67
45414 27
31783 11
45413 7
45411 142
45400 610
14552 11
31769 21
14551 382
31760 5
14543 5
14537 153
31857 3
31863 63
45352 68
45346 2
31845 8
45349 12
31846 25
14492 93
45328 26
14472 48
14477 119
45312 26
45558 7
45552 3
31932 26
45543 63
45538 60
45536 16
31893 6
14418 12
14430 31
45528 769
45510 361
31877 440
14413 23
45513 15
45514 320
45495 31
31993 10
14399 1
14369 2
45474 380
14371 52
45472 14
14374 59
14380 5
31953 6
45458 133
14363 43
14361 50
31965 9
45470 21
45451 7
31950 13
45455 40
31556 9
16262 15
16256 4
46595 9
31554 50
16265 922
46601 10
16276 68
199320 9
46609 11
199319 19
16285 211
16284 61
31581 4
31576 8
31577 64
16283 10
31585 34
46627 16
16302 13
16303 4
46636 16
16300 61
31595 8
46632 21
16296 2
31605 34
16316 4
16322 124
31495 12
31499 42
31501 29
16333 42
31500 123
199364 14
16338 310
31507 6
31510 7
16344 6
16347 85
46687 231
31519 20
46691 34
16353 6
31529 8
46699 8
16371 30
199420 8
31543 11
31546 27
46717 129
31549 193
46719 20
31692 63
16143 2
31686 4
16128 37
31708 51
46749 3
16152 3
46746 22
16154 76
16150 711
31703 3
16175 23
31726 6
46764 5
31727 62
31725 8
16171 7
16170 2
31720 11
16164 1
31712 3
16160 66
16190 18
46781 101
31742 19
16186 7
31736 11
16181 7
31732 40
16178 24
16179 5
16176 3
16202 15
16205 8
16206 23
46786 37
31621 8
31641 6
31633 9
16210 11
31658 3
31662 6
31649 18
16229 246
46841 17
31672 11
31677 6
16253 4
16243 30
46832 18
16246 11
31669 7
16245 39
31319 7
16020 28
16019 8
199578 7
16016 26
31313 40
16030 83
31323 27
31321 4
16007 3
46849 68
46860 1
16010 18
31305 3
31304 21
16054 4
16050 34
31357 4
31359 32
31353 10
16058 70
46887 1294
199599 50
16038 2
31334 115
31343 12
31342 31
199585 1
16083 236
31250 25
31251 3
46929 89
16080 12
16086 95
31252 64
16084 18
31257 17
16095 31
16094 34
31263 32
31261 92
199624 5
16066 27
31239 6
199631 23
31242 142
16073 10
31246 7
16076 3
31244 10
16112 14
31283 29
16117 7
31286 20
31287 124
31294 4
16097 137
199660 45
31272 12
31275 2
31277 8
16110 3
15894 2
15895 65
31444 4
15886 11
46989 18
15879 27
31430 43
199438 3
31424 74
31425 52
31484 9
15935 44
15929 7
31480 10
15924 329
31477 52
199484 45
31479 12
31475 3
15919 14
47020 9
15915 2
31463 61
15962 16
15960 17
199508 3
31391 4
15964 155
15965 14
15954 22
31376 33
15958 193
31382 1
31370 3
31371 3
15945 16
31368 14
15936 2
15943 26
31364 8
31416 3
15994 24
47096 15
15997 11
199545 7
47095 13
31415 14
31400 37
15982 59
15974 29
198826 25
15782 16
198816 6
31083 1
198840 3
31094 35
15798 11
15802 223
15800 4
15806 14
15805 8
31100 13
15744 34
31042 268
198785 6
15756 131
15757 53
46093 12
15763 62
31059 23
15765 10
15766 18
15772 193
15774 110
15851 4
31017 11
46198 5
31029 32
31027 217
46193 26
15857 4
31025 45
46195 2
31036 50
31034 45
31033 4
15808 76
30988 49
30990 229
30985 16
198851 2
30986 59
30997 6
30998 58
15830 436
30999 45
15836 59
15835 109
15659 36
15658 17
31208 24
31214 16
31203 65
31200 32
31204 25
15672 62
31225 9
15673 12
31229 29
31216 59
15670 6
46261 23
15668 2
31221 7
15669 4
15626 59
15617 4
46208 25
31172 7
15623 37
15640 44
31195 28
15645 40
31198 6
46231 21
15725 9
31148 1060
31149 4
15723 84
31147 24
15721 6
46309 13
31138 2
31167 72
15743 20
15738 19
31163 53
15734 18
15735 97
15732 11
31117 35
15695 56
15694 269
31112 21
198720 3
31115 18
15685 44
46276 3
15682 6
31133 1543
15704 35
15706 263
15703 54
31126 264
15699 27
31122 84
30833 10
199103 4
15541 12
30838 21
15544 16
15547 20
46392 2
30844 253
199081 44
30818 9
46375 34
15525 46
15527 10
30827 23
15533 34
46353 7
46354 5
15510 13
15517 9
15516 15
15491 85
30784 7
15493 27
30793 5
15497 145
15502 5
46454 6
15600 52
46449 16
15612 2
30781 193
30782 3
15614 3
30783 65
30778 7
15589 67
46435 53
30764 16
46446 22
15598 57
30767 5
15594 9
15595 35
30742 22
30740 3
15570 240
199127 3
30746 7
15577 19
15576 76
30745 17
46404 19
15557 580
30722 77
30721 102
30733 35
15562 4
199105 2
30729 4
30971 4
198961 2
15419 52
15421 70
30972 4
30975 6
30961 13
46515 26
30960 17
30962 29
15412 183
15401 16
46508 3
15397 7
46502 3
15399 81
30950 1
46491 4
30936 11
30943 9
198934 6
198935 7
15377 10
30922 7
30920 3
15368 5
15372 14
30925 18
30914 15
15366 14
30910 5
46588 2
30904 1
30900 2
30902 99
15474 3
15475 17
30892 5
15468 31
15471 132
15463 59
199020 2
30880 19
46562 343
30881 8
15454 3
15450 5
30870 24
30868 7
15440 31
15439 11
15433 77
198988 2
30855 4
15428 7
15426 22
30851 25
30848 21
