69|25650|-1
64|209|-1
261|2200|-1
290|131154|1
290|4713|-1
567|3659|1
567|4|1
567|127|1
567|25789|1
567|47|1
567|14486|1
567|2152|-1
567|2153|-1
606|6517|-1
684|15290|-1
684|10965|1
763|7018|-1
806|376|-1
800|27064|-1
1139|11139|-1
1024|2386|-1
1337|13214|-1
1315|100|1
1315|174|-1
1315|14265|-1
1439|11025|-1
1409|3356|-1
1408|11666|0
1408|32164|1
1408|6298|-1
1408|174|-1
1408|3356|-1
1408|34695|0
1408|3257|-1
1408|3549|-1
1408|30844|0
1448|2828|-1
1787|4809|-1
1787|24012|1
1724|2200|-1
1722|17222|-1
1811|701|-1
1811|3356|-1
2007|20077|-1
1936|2200|-1
1936|57284|1
1937|2200|-1
2066|3215|-1
2072|2200|-1
2072|2094|1
2172|702|-1
2172|1273|-1
2145|26972|-1
2457|2200|-1
2499|2500|-1
2549|28519|1
2549|11136|1
2549|18592|-1
2737|701|-1
2737|209|-1
2728|23364|1
2728|174|-1
2709|7018|-1
2709|8121|-1
2795|27955|-1
2568|12064|-1
2679|21640|-1
2671|15290|-1
2636|2828|-1
3000|262906|-1
2871|702|0
2871|4589|0
2874|3303|0
2874|2854|-1
2874|1299|-1
2874|8928|0
2874|5580|-1
2874|9002|0
2874|2603|0
2874|6939|0
2874|31500|0
2874|6667|0
2874|42708|0
3291|8928|-1
3291|28959|1
3305|15557|-1
3223|34304|-1
3223|5541|-1
3223|30890|-1
3247|15368|-1
3189|15595|-1
3566|1239|-1
3505|22896|1
3505|27479|1
3505|33307|1
3505|19397|1
3423|7018|-1
3367|7795|-1
3761|3356|-1
4050|2914|-1
4050|3356|-1
4052|4323|-1
4004|3216|0
4004|41095|0
4004|8607|0
4004|8928|0
4004|51964|1
4004|15412|0
4004|31500|0
4004|4589|0
4004|11666|0
4004|6730|0
4004|9002|0
4004|5413|0
4004|2603|0
4004|6461|0
4004|6939|0
4004|6667|0
4004|8220|0
4004|24949|1
4004|8426|0
4004|8422|0
4004|13030|0
4004|12989|0
4004|19151|0
4004|8447|0
4004|5511|-1
4004|42708|0
3962|11854|-1
3962|3257|-1
3932|46949|1
3932|3356|-1
3932|6461|-1
4378|701|-1
4378|2828|-1
4455|46786|-1
4514|701|-1
4558|37219|-1
4271|209|-1
4966|3356|0
5118|174|-1
5118|14717|-1
4654|17444|-1
4691|2914|-1
4691|4713|-1
4784|4621|-1
4805|2647|-1
4805|7474|-1
4805|51964|1
4816|4134|-1
5496|702|0
5496|4589|0
5405|39912|-1
5583|3216|0
5583|1103|0
5583|39273|-1
5583|8928|0
5583|15412|0
5583|31500|0
5583|286|0
5583|20640|0
5583|3333|0
5583|4589|0
5583|12779|0
5583|24666|1
5583|5413|0
5583|14381|1
5583|9002|0
5583|6939|0
5583|6461|0
5583|6667|0
5583|3491|0
5583|36937|0
5583|8426|0
5583|25074|-1
5583|13237|0
5583|8422|0
5583|12989|0
5583|19151|0
5583|20562|0
5583|42708|0
5583|12859|0
5560|6774|-1
5560|37054|1
5526|6939|0
5507|6830|0
5507|15467|1
5507|20568|1
5507|8990|0
5507|44911|1
5507|44302|1
5507|197248|1
5507|3244|1
6137|209|-1
6022|701|-1
5641|14390|-1
5641|20065|1
5658|17228|-1
6576|2828|-1
6576|7018|-1
6576|6461|-1
6531|30314|-1
6556|14615|-1
6556|4323|-1
6651|13776|-1
6651|36727|-1
6458|27933|1
6458|27737|1
6458|28069|1
6458|27929|1
6458|27654|1
6458|27910|1
6458|10586|1
6408|174|-1
6506|174|-1
6469|8075|-1
6331|3356|-1
6312|6203|-1
6298|46248|1
6298|26783|1
6298|36061|1
6298|26431|1
6298|53772|1
6298|19850|1
6298|54099|1
6298|22772|1
6298|19125|1
6298|19185|1
6298|14990|1
6298|11121|1
6298|33642|1
6298|1408|1
6298|35904|1
6298|6086|1
6298|13361|1
6298|26817|1
6298|53739|1
6298|46925|1
6298|32118|1
6298|19381|1
6298|32013|1
6298|32194|1
6298|40939|1
6298|32499|1
6298|46896|1
6298|32616|1
6298|22184|1
6298|30714|1
6298|26496|1
6298|7448|1
6298|4318|1
6298|30449|1
6298|23076|1
6298|16507|1
6298|23477|1
6298|46768|1
6298|16987|1
6298|18866|1
6241|577|-1
6241|7992|-1
7137|27811|1
7137|27999|1
7137|14754|-1
7137|25607|1
7137|28072|1
6914|8103|1
6914|7018|-1
6958|7018|-1
6815|702|-1
6815|8220|-1
6790|12301|0
6850|57662|1
6850|8701|1
6850|41337|1
6850|12416|1
6850|49340|1
6850|50640|1
6850|56365|1
6850|9002|0
6850|31500|0
6850|8492|0
6853|513|0
6853|29222|0
6853|12874|-1
6853|12637|0
6853|49865|1
6853|6830|0
6853|1836|0
6853|4589|0
6853|28929|0
6853|48540|1
6853|4862|1
6853|12779|0
6853|5580|-1
6853|15733|1
6853|9002|0
6853|8640|1
6682|16190|1
6682|8226|1
6682|49363|1
6682|20771|-1
6682|43733|1
6682|35805|-1
6722|5483|-1
6731|41428|1
6731|51956|1
6731|44665|1
6731|197092|1
6731|51285|1
6731|198468|1
6731|35580|1
6731|34838|1
6731|39266|1
6731|43410|1
6731|50435|1
6731|196647|1
6731|42988|1
6731|49905|1
6731|43694|1
6731|44772|1
6731|51170|1
6731|44164|1
6731|49913|1
6731|34504|1
6731|49531|1
6731|34508|1
6731|43907|1
6731|50003|1
6731|48816|1
6731|50002|1
6731|198502|1
6731|8359|-1
6731|50762|1
6731|15559|1
6731|51994|1
6731|8441|1
6731|12686|1
6731|49276|1
6731|29603|1
6731|43798|1
6731|29546|1
6731|50959|1
6731|47786|1
6770|3257|-1
6760|15469|0
6760|24915|0
6760|28929|0
6760|6453|-1
6760|12779|0
6760|34695|0
6760|39912|0
6760|12874|-1
6760|12637|0
6760|5580|-1
6760|51185|0
6760|5396|0
7617|1836|0
7617|20485|0
7617|45896|0
7617|2914|-1
7617|3491|-1
7617|10026|-1
7617|6453|-1
7617|9304|0
7617|7660|0
7617|45590|0
7617|9002|0
7617|4739|0
7533|24172|1
7533|9924|-1
7533|9676|1
7533|9505|-1
7533|7656|1
7519|2497|-1
7481|17709|-1
7481|4783|1
7481|4780|0
7481|1239|0
7481|18042|1
7481|9924|0
7481|9505|0
7481|7656|1
7481|18182|1
7415|3356|0
7384|701|-1
7384|7018|-1
7368|701|-1
7350|2828|-1
7215|20401|-1
7215|32400|-1
7181|29393|1
7911|2048|1
7911|40105|1
7911|3634|1
7757|11537|-1
7759|1239|-1
7781|11666|0
7781|6453|-1
7781|3356|-1
7781|34695|0
7781|6939|0
7781|13030|0
7781|22652|0
7737|13333|-1
132160|9229|-1
132105|46043|-1
8718|22193|1
8718|16708|1
8718|10457|-1
8718|12128|1
8931|31546|-1
132275|45820|-1
132227|9505|-1
9060|6830|-1
9060|8928|-1
9035|6453|-1
9035|3356|-1
9035|1273|-1
8998|15493|-1
9204|6910|-1
9204|9050|-1
9141|13030|0
9117|9116|-1
9117|8551|-1
9117|3491|-1
9117|1680|-1
8229|28924|1
8229|8536|1
8229|12301|-1
8246|198232|1
8246|198829|1
8246|197136|1
8246|21404|1
8246|44966|1
8246|196666|1
8246|43470|1
8246|41297|1
8246|34656|1
8246|48782|1
8246|20909|1
8246|31573|1
8246|198216|1
8246|47812|1
8246|42246|1
8246|16274|1
8246|39566|1
8246|42797|1
8246|39085|1
8246|43968|1
8246|31045|1
8246|16291|1
8246|20889|1
8246|31599|1
8246|47322|1
8246|42778|1
8246|43982|1
8246|51517|1
8246|31604|1
8246|47301|1
8246|39599|1
8246|50661|1
8246|43512|1
8246|197162|1
8246|197201|1
8246|56373|1
8246|34075|1
8246|41235|1
8246|36224|1
8246|41237|1
8246|42328|1
8246|12580|1
8246|51104|1
8246|41218|1
8246|31032|1
8246|39670|1
8246|44518|1
8246|42361|1
8246|35306|1
8246|20938|1
8246|8726|1
8246|43920|1
8246|196795|1
8246|13274|1
8246|29522|1
8246|197272|1
8246|5629|1
8246|48189|1
8246|34805|1
8246|41434|1
8246|31683|1
8246|6448|1
8246|198704|1
8246|34254|1
8246|39439|1
8246|41952|1
8246|41421|1
8246|48694|1
8246|35596|1
8246|5588|-1
8246|47741|1
8246|34298|1
8246|16167|1
8246|197300|1
8246|41468|1
8246|47189|1
8246|20763|1
8246|48157|1
8246|56523|1
8246|198673|1
8246|44342|1
8246|41442|1
8246|34765|1
8246|16182|1
8246|52123|1
8246|42402|1
8246|52124|1
8246|43862|1
8246|57701|1
8246|50993|1
8246|47160|1
8246|197809|1
8246|41908|1
8246|28978|1
8246|20853|-1
8246|47640|1
8246|198289|1
8246|42445|1
8246|198278|1
8246|2115|1
8246|197800|1
8246|39489|1
8246|197801|1
8246|29451|1
8246|48712|1
8246|50987|1
8246|50988|1
8246|15728|1
8246|41358|1
8246|31658|1
8246|39547|1
8246|197776|1
8246|47129|1
8246|42490|1
8246|35179|1
8246|50493|1
8246|56470|1
8246|50489|1
8246|38994|1
8246|42966|1
8246|38991|1
8246|38987|1
8246|34208|1
8246|35191|1
8246|34212|1
8246|15541|1
8246|44190|1
8246|48559|1
8246|198467|1
8246|49290|1
8246|49300|1
8246|39349|1
8246|198493|1
8246|29398|1
8246|31310|1
8246|34431|1
8246|39834|1
8246|33895|1
8246|197410|1
8246|42021|1
8246|50426|1
8246|25070|1
8246|28893|1
8246|57593|1
8246|34986|1
8246|196890|1
8246|51717|1
8246|50421|1
8246|47520|1
8246|196964|1
8246|43153|1
8246|197935|1
8246|197933|1
8246|48002|1
8246|49888|1
8246|197448|1
8246|25523|1
8246|41511|1
8246|29318|1
8246|43705|1
8246|196969|1
8246|197459|1
8246|197950|1
8246|51277|1
8246|57488|1
8246|48633|1
8246|197939|1
8246|197936|1
8246|43695|1
8246|12824|1
8246|57986|1
8246|35063|1
8246|196935|1
8246|35538|1
8246|35060|1
8246|39907|1
8246|197479|1
8246|50830|1
8246|39914|1
8246|41476|1
8246|43674|1
8246|34324|1
8246|48606|1
8246|49149|1
8246|44262|1
8246|49143|1
8246|197503|1
8246|15563|1
8246|16110|1
8246|49141|1
8246|50243|1
8246|34845|1
8246|29251|1
8246|198115|1
8246|30975|1
8246|28785|1
8246|34826|1
8246|51879|1
8246|24906|1
8246|20540|1
8246|39219|1
8246|39698|1
8246|41178|1
8246|34003|1
8246|50759|1
8246|49197|1
8246|197005|1
8246|51390|1
8246|48395|1
8246|6714|1
8246|39174|1
8246|43117|1
8246|30923|1
8246|39198|1
8246|47884|1
8246|198051|1
8246|48963|1
8246|47401|1
8246|43026|1
8246|197570|1
8246|44124|1
8246|197572|1
8246|198537|1
8246|31381|1
8246|198067|1
8246|42746|1
8246|15470|1
8246|197599|1
8246|41662|1
8246|47888|1
8246|43015|1
8246|48505|1
8246|57360|1
8246|39243|1
8246|197615|1
8246|34937|1
8246|20553|1
8246|12966|1
8246|43058|1
8246|56709|1
8246|49731|1
8246|43062|1
8246|197605|1
8246|41621|1
8246|198038|1
8246|39255|1
8246|30851|1
8246|29245|1
8540|39912|-1
8486|15440|-1
8653|12874|-1
8653|31034|-1
8626|42515|-1
9758|9318|-1
9806|4808|-1
9807|4808|-1
9807|4847|-1
131154|290|-1
131154|2516|-1
9900|10223|-1
9977|18302|-1
131273|38235|-1
9936|7693|-1
10062|18302|-1
10062|9318|-1
10121|4826|-1
10121|10026|-1
10121|6453|-1
10121|18398|-1
10191|9457|-1
10191|9318|-1
10191|3786|-1
9258|9650|-1
9258|45467|1
9258|38020|1
9252|2764|-1
9288|9722|-1
9301|4826|0
9301|7575|0
9301|9942|0
9301|10026|0
9301|7631|0
9301|4739|0
131684|45274|-1
9347|703|-1
9347|18101|-1
9405|10764|0
9500|132040|1
9500|4826|-1
9527|9848|-1
132006|45820|-1
132060|10135|-1
9682|1221|-1
132050|4768|-1
132034|37979|-1
9722|58434|0
9722|38195|1
9722|38333|1
9722|4608|0
9722|9288|1
9722|18359|1
9722|9556|1
9722|4802|0
9722|7594|1
9722|45638|1
9722|4739|0
9722|4826|0
9722|10026|0
9722|7545|1
9722|24473|1
9722|7543|0
9722|7475|1
9722|45481|1
9722|10223|1
9722|45411|1
9722|9650|1
9722|9716|1
9722|18201|1
9722|9738|1
9722|9652|1
9722|7496|1
9722|7631|1
9722|38289|1
9722|10143|1
9722|9723|1
9722|9342|0
9722|7575|0
9722|10113|1
9722|38285|1
9722|38880|1
9722|45920|1
9722|24238|1
9722|17459|1
9722|9268|1
9722|18003|1
132087|9304|-1
11001|2764|-1
11001|10223|-1
11002|1239|-1
11002|3356|-1
11002|3549|-1
10942|40715|-1
10927|195|0
10927|2152|0
10918|3561|-1
10918|12271|-1
10839|7132|-1
10790|174|-1
10790|6461|-1
10763|2914|-1
10763|3356|-1
11211|23126|-1
11211|7018|-1
11199|174|-1
11199|209|-1
11199|6461|-1
11161|6128|-1
11161|701|-1
11161|3356|-1
11100|53310|1
11100|7922|-1
11100|32525|1
11100|14390|-1
11100|17054|-1
11100|3356|-1
11100|33267|1
11100|30393|1
11100|32185|1
11055|25754|1
11058|7049|-1
11058|20207|-1
11058|18747|0
10452|52259|-1
10452|27700|-1
10282|1853|0
10282|3216|0
10282|8468|0
10282|3330|0
10282|8928|0
10282|30781|0
10282|51964|1
10282|29049|0
10282|8596|0
10282|31500|0
10282|20640|0
10282|12714|0
10282|4589|0
10282|12779|0
10282|8338|1
10282|29208|0
10282|16150|0
10282|28917|0
10282|5413|0
10282|9002|0
10282|6939|0
10282|6667|0
10282|9189|0
10282|8426|0
10282|25074|-1
10282|39912|0
10282|29686|0
10282|13237|0
10282|34288|0
10282|29140|0
10282|13030|0
10282|1257|0
10282|12989|0
10282|6830|0
10282|288|1
10282|19151|0
10282|8447|0
10282|5511|-1
10282|34695|0
10282|39792|0
10282|13101|0
10282|23148|0
10282|8492|0
10282|12859|0
10285|12085|-1
10738|33667|-1
10738|174|-1
10738|2828|-1
10738|33651|-1
10738|53497|-1
10739|32097|-1
10612|701|-1
10612|14717|-1
10550|26468|-1
10555|15096|-1
10553|1|-1
11918|4323|-1
12016|1239|-1
12016|1785|-1
12022|2379|-1
11997|36219|-1
11982|174|-1
11982|3549|-1
11832|174|-1
11820|174|-1
11820|10913|-1
11812|100|1
11812|1239|-1
11812|7018|-1
11898|1239|-1
11869|1239|-1
11869|3561|-1
11861|174|-1
11848|7922|-1
12160|32787|-1
12163|7795|-1
12163|7018|-1
12163|29734|1
12170|701|-1
12277|376|-1
12287|8928|-1
12287|3257|-1
12053|174|-1
12138|18485|-1
12138|209|-1
12096|20077|-1
12125|6517|-1
12125|19395|-1
11416|23342|-1
11393|558|-1
11448|3356|-1
11428|6461|-1
11428|27524|-1
11481|2828|-1
11481|18990|-1
11456|23466|1
11456|17288|1
11456|3565|1
11456|11672|1
11456|26296|1
11456|2828|-1
11456|35869|1
11505|701|-1
11505|2828|-1
11506|2828|-1
11294|23005|-1
11324|6517|-1
11317|11164|-1
11317|33189|0
11317|2698|1
11317|11537|-1
11317|2572|1
11317|7896|1
11317|46832|1
11317|5078|0
11341|3320|-1
11332|22402|-1
11332|2828|-1
11652|46887|-1
11655|701|-1
11695|174|-1
11695|13789|-1
11699|11404|-1
11730|3257|-1
11739|2914|-1
11739|6621|1
11739|3356|-1
11739|19073|1
11739|31995|1
11739|6939|0
11739|11404|-1
11748|3549|-1
11748|19262|-1
11754|701|-1
11629|19864|-1
11617|7908|-1
11617|18734|-1
198239|174|-1
198239|20900|-1
13144|3549|-1
13145|3269|-1
198231|5617|-1
198229|39728|-1
13125|12306|-1
198209|41390|-1
198157|5384|-1
13066|31341|1
198178|43343|-1
13277|3303|-1
13277|8220|-1
198364|4436|-1
198396|28968|-1
13302|24739|-1
198283|9127|-1
13186|12541|-1
13186|8903|-1
198318|3216|-1
13219|703|-1
13219|3758|-1
198315|8308|-1
198315|35601|-1
12913|15830|-1
12825|34874|-1
12845|174|-1
198432|1299|-1
198453|5617|-1
198453|197377|-1
198596|34714|-1
198620|35320|-1
12932|8468|0
12932|8426|0
12932|8928|0
12932|13237|0
12932|39202|0
12932|8422|0
12932|30844|0
12932|15412|0
12932|8419|0
12932|13030|0
12932|6830|0
12932|4589|0
12932|19151|0
12932|29636|0
12932|6730|0
12932|9002|0
12932|6461|-1
12932|6939|0
12932|6667|0
12947|20852|-1
12641|71|-1
12641|2856|1
12641|7430|-1
197720|9121|-1
197647|34224|-1
12558|47267|1
12558|5483|-1
12558|9081|1
12558|6700|-1
12791|34898|-1
197885|3255|-1
12744|5511|-1
12744|8218|-1
12738|25229|-1
197810|24724|-1
197794|29076|-1
12704|20515|-1
12694|39912|-1
197760|49058|-1
198013|29449|-1
197970|12778|-1
197899|20485|-1
197899|9002|-1
197903|39625|1
12517|21332|-1
12493|4589|0
12493|5511|-1
12493|5580|-1
12493|23148|0
198092|39443|-1
198100|6774|-1
198057|8308|-1
12474|8928|-1
12476|33863|1
12476|8468|0
12476|34339|1
12476|30781|0
12476|29049|0
12476|8596|0
12476|31500|0
12476|20640|0
12476|12714|0
12476|34252|1
12476|21385|0
12476|12779|0
12476|16150|0
12476|28917|0
12476|56752|1
12476|6939|0
12476|9189|0
12476|50480|1
12476|197005|1
12476|8426|0
12476|39912|0
12476|13237|0
12476|34288|0
12476|29140|0
12476|6830|-1
12476|12989|0
12476|19151|0
12476|48268|0
12476|39792|0
12476|34695|0
12476|198241|1
12476|23148|0
12476|51237|1
12476|8492|0
12476|12859|0
197147|34251|-1
14098|10972|-1
14081|174|-1
197173|12705|-1
14141|46562|-1
14123|174|-1
197165|12741|-1
14162|1239|-1
14162|30526|-1
197213|21127|-1
197196|3255|-1
14191|3602|-1
197272|15694|-1
197272|8246|-1
14226|701|-1
14239|19159|-1
14239|11776|-1
197268|16229|-1
14212|2152|-1
14213|2152|-1
197259|5563|-1
14220|22561|-1
14268|20161|-1
14242|13407|-1
14242|10727|1
14242|4323|-1
14242|15231|1
14276|14744|-1
14276|16916|1
14276|14743|-1
197367|8308|-1
197378|34169|-1
13867|22822|-1
13867|3356|-1
197408|50606|-1
197421|12389|-1
197428|41082|-1
197432|3267|-1
13931|7029|-1
13931|4323|-1
197490|44600|-1
13938|7018|-1
13966|10972|-1
197537|8426|-1
197564|12617|-1
14026|28216|0
14026|262757|0
14026|28218|0
14026|28220|0
14026|28209|0
14026|53100|0
14026|28208|0
14026|53101|0
14026|53102|0
14026|262765|0
14026|262760|0
14026|53099|0
14026|28201|0
14026|28204|0
14026|28206|0
14026|14840|0
14026|28192|0
14026|53116|0
14026|28198|0
14026|28187|0
14026|262721|0
14026|8167|0
14026|53070|0
14026|28178|0
14026|53068|0
14026|53069|0
14026|262729|0
14026|262731|0
14026|27693|0
14026|10954|0
14026|28168|0
14026|28169|0
14026|53075|0
14026|28173|0
14026|28163|0
14026|11432|0
14026|53086|0
14026|262750|0
14026|28166|0
14026|262744|0
14026|2688|0
14026|28165|0
14026|53080|0
14026|262690|0
14026|28287|0
14026|28286|0
14026|28280|0
14026|28283|0
14026|262693|0
14026|28277|0
14026|28279|0
14026|22431|0
14026|28275|0
14026|28269|0
14026|262706|0
14026|28264|0
14026|28265|0
14026|27724|0
14026|27715|0
14026|16594|0
14026|28262|0
14026|262713|0
14026|28263|0
14026|262716|0
14026|21911|0
14026|28254|0
14026|262658|0
14026|262659|0
14026|10429|0
14026|28250|0
14026|262663|0
14026|31529|0
14026|262666|0
14026|28244|0
14026|262668|0
14026|35788|0
14026|28238|0
14026|262673|0
14026|28239|0
14026|262680|0
14026|28229|0
14026|262684|-1
14026|28224|0
14026|262686|0
14026|15169|0
14026|28338|0
14026|28339|0
14026|53224|0
14026|11835|0
14026|28343|0
14026|16397|0
14026|22356|0
14026|53222|0
14026|28347|0
14026|53217|0
14026|262883|0
14026|28349|0
14026|15180|0
14026|28323|0
14026|262906|0
14026|53242|0
14026|28329|0
14026|28331|0
14026|262354|0
14026|262901|0
14026|28330|0
14026|28333|0
14026|1251|0
14026|28311|0
14026|262858|0
14026|28309|0
14026|262855|0
14026|10362|0
14026|22381|0
14026|262878|0
14026|28289|0
14026|28288|0
14026|28293|0
14026|28292|0
14026|28299|0
14026|262386|0
14026|262870|0
14026|28296|0
14026|28303|0
14026|53202|0
14026|8055|0
14026|28300|0
14026|53167|0
14026|262828|0
14026|53166|0
14026|53157|0
14026|53158|0
14026|19182|-1
14026|262843|0
14026|53179|0
14026|14650|0
14026|262832|0
14026|14282|0
14026|262838|0
14026|53175|0
14026|262792|0
14026|28368|0
14026|262790|0
14026|53144|0
14026|53145|0
14026|262801|-1
14026|262324|0
14026|53143|0
14026|11844|0
14026|16509|0
14026|53140|0
14026|262807|0
14026|28360|0
14026|13353|0
14026|1916|0
14026|52861|0
14026|262471|0
14026|14571|0
14026|10733|0
14026|262518|0
14026|14551|0
14026|11706|0
14026|13878|0
14026|262509|0
14026|262421|0
14026|262420|0
14026|26599|0
14026|262406|0
14026|262405|0
14026|23105|0
14026|262402|0
14026|23106|0
14026|26592|0
14026|262413|0
14026|22177|0
14026|26107|0
14026|28001|0
14026|262446|0
14026|28580|0
14026|262609|0
14026|28590|0
14026|28593|0
14026|28598|0
14026|262605|0
14026|13495|0
14026|52967|0
14026|262599|-1
14026|28604|0
14026|22689|0
14026|21574|0
14026|16685|0
14026|28571|0
14026|28573|0
14026|28647|0
14026|262558|0
14026|12136|0
14026|14868|0
14026|28640|0
14026|28654|0
14026|18881|0
14026|28651|0
14026|16735|0
14026|28649|0
14026|28663|0
14026|28658|0
14026|25933|0
14026|20406|0
14026|28657|0
14026|28670|0
14026|28668|0
14026|28122|0
14026|28669|0
14026|28666|0
14026|28124|0
14026|28667|0
14026|28126|0
14026|28665|0
14026|262589|0
14026|7738|0
14026|28135|0
14026|262585|0
14026|28138|0
14026|28143|0
14026|28140|0
14026|262579|0
14026|263061|0
14026|17222|0
14026|16736|0
14026|12989|0
14026|28630|0
14026|11644|0
14026|28624|0
14026|28625|0
14026|28637|0
14026|52866|0
14026|28153|0
14026|262561|0
14026|28634|0
14037|27431|-1
197601|43310|-1
14068|3356|-1
14068|2828|-1
14077|7774|-1
13680|3216|0
13680|30217|1
13680|32400|1
13680|41095|0
13680|8607|0
13680|1299|-1
13680|30781|0
13680|30844|0
13680|31500|0
13680|20080|0
13680|4739|0
13680|20401|1
13680|4589|0
13680|11666|0
13680|3356|-1
13680|14280|1
13680|29636|0
13680|29208|0
13680|1280|0
13680|6730|0
13680|9002|0
13680|22691|0
13680|6939|0
13680|2603|0
13680|6667|0
13680|6539|0
13680|11686|0
13680|8426|0
13680|852|0
13680|6598|1
13680|6079|0
13680|14361|0
13680|13030|0
13680|8419|0
13680|8359|0
13680|12989|0
13680|19151|0
13680|7575|0
13680|34695|0
13680|12859|0
196709|12389|-1
196709|16190|1
196709|8226|1
196709|49363|1
196709|43733|1
196709|197834|1
13677|2828|-1
196692|21219|-1
196675|30910|1
196675|35815|1
196675|49111|1
13637|13647|-1
13756|7018|-1
13756|209|-1
196782|33883|-1
196738|8672|-1
196823|174|-1
196823|34695|0
196823|8218|-1
13764|6128|-1
13359|4557|0
13359|10490|-1
13359|276|0
196911|8220|-1
13312|19029|-1
13312|14989|-1
196886|24822|-1
196888|6828|-1
196888|48642|-1
196981|2856|-1
13432|35958|1
13432|10936|1
13432|47057|1
13432|22648|1
13432|26590|1
13432|16667|1
13432|11793|1
13432|22282|1
13432|26137|1
13432|40619|1
13432|35937|1
13432|22722|1
13432|46925|1
196941|12389|-1
196941|13118|-1
196941|21191|-1
196937|43150|-1
13498|701|-1
13498|7018|-1
13503|3549|-1
13503|209|-1
13463|7743|-1
13469|2828|-1
13564|6197|-1
13523|209|-1
13520|2828|-1
15299|7018|-1
15203|4323|-1
15225|100|1
15225|3549|-1
15225|7018|0
15105|6983|-1
15105|16810|1
15104|701|-1
15104|7018|-1
15166|21976|-1
15099|701|-1
15075|27783|1
15075|27917|-1
14993|20161|-1
15021|10911|-1
15021|6461|-1
14963|3356|-1
14963|10912|-1
14972|6461|-1
14972|11404|-1
14876|10911|-1
14876|7018|-1
14911|7459|-1
14884|14265|-1
14833|3356|-1
14833|3549|-1
14833|6939|0
14796|36012|-1
14812|14710|-1
14812|209|-1
14810|3356|-1
14807|701|-1
14807|1785|-1
14758|20115|-1
14758|7018|-1
14660|701|-1
14658|7018|-1
14685|1239|-1
14685|7018|-1
14636|19562|1
14636|12275|1
14636|26005|1
14636|40242|1
14636|2828|-1
14636|3549|-1
14636|19525|1
14595|15290|-1
14606|4323|-1
14533|174|-1
14525|15290|-1
14488|12124|-1
14488|174|0
14482|1785|-1
14487|27434|-1
14484|701|-1
14452|1239|-1
14386|1239|0
14386|32654|-1
14386|14286|1
14345|33363|-1
14345|7018|-1
14344|7385|-1
14344|13409|-1
16309|5577|-1
16312|8220|-1
16338|29119|1
16338|35454|1
16338|45037|1
16338|42666|1
16338|51294|1
16338|48427|1
16338|29109|1
16338|49565|0
16338|15548|1
16338|49493|1
16338|51007|1
16338|43707|1
16338|4589|0
16338|42241|1
16338|50977|1
16338|44582|1
16338|197795|1
16338|29269|1
16338|48846|1
16338|48710|1
16338|43833|1
16338|48640|1
16338|49851|1
16338|8216|1
16338|196713|1
16338|42435|1
16338|56822|1
16338|44762|1
16338|50961|1
16338|196929|1
16338|44561|1
16338|42083|1
16338|12569|1
16338|48884|1
16338|47973|1
16338|41541|1
16338|3573|1
16338|43927|1
16338|24624|1
16338|25247|1
16338|48048|1
16338|197077|1
16338|35740|1
16338|50715|1
16338|197974|1
16338|20815|1
16338|25356|1
16338|13287|1
16343|12772|-1
16358|702|-1
16366|6830|-1
16366|31281|1
16366|50444|1
16170|39737|-1
16170|47667|1
16187|9121|-1
16215|28874|1
16215|25091|0
16215|174|0
16215|513|0
16215|29222|0
16215|39912|0
16215|34288|0
16215|13030|-1
16215|1836|0
16215|3303|0
16215|15469|0
16215|4589|0
16215|8758|0
16215|34695|0
16215|3549|-1
16215|9002|0
16215|6939|0
16215|12350|0
16032|197342|1
16042|3302|-1
16065|16150|-1
16065|21201|1
16065|6667|0
16065|44654|0
16074|286|-1
16074|8220|-1
16122|702|-1
16122|11486|-1
16103|3209|-1
15801|44911|-1
198799|42912|-1
15857|24985|1
15857|49888|1
15857|42932|1
15857|39338|1
15857|34199|1
15857|198537|1
15857|197507|1
15857|49300|1
15857|24734|1
15857|51671|1
15857|38950|1
15857|6939|0
15857|35235|1
15857|15384|1
15857|197776|1
15857|39171|1
15857|198498|1
15857|3257|-1
15857|13030|0
15857|35720|1
15857|197020|1
15857|47847|1
15857|29536|1
15857|50900|1
15857|12741|-1
15857|49143|1
15857|29007|1
15857|47305|1
198661|29456|-1
15645|12883|0
15645|25393|0
15645|21011|1
15645|8258|0
15645|34251|0
15645|3255|0
15645|41820|0
15645|34265|0
15645|29062|0
15645|48683|0
198776|39211|-1
15709|3209|-1
15494|5400|-1
15606|4589|0
15606|19151|0
15606|39792|0
15606|20640|0
15597|174|0
15597|46366|-1
15387|50066|-1
15478|34744|-1
15445|9116|-1
15445|5486|-1
17551|4764|1
17551|4826|-1
17574|9318|-1
17579|20485|0
17579|20388|1
17579|513|0
17579|7497|1
17579|7660|0
17579|4528|0
17579|23911|0
17579|4739|0
17579|1836|0
17579|45896|0
17579|293|0
17579|3661|0
17579|3662|0
17579|9304|0
17579|11537|0
17579|9002|0
17579|2153|0
17478|7470|-1
17497|9482|-1
17517|17530|-1
17442|4847|-1
17844|9318|-1
17842|4766|-1
17842|9318|-1
17851|4766|-1
17835|4766|-1
17835|9318|-1
17777|9802|-1
17763|9942|-1
18154|2764|-1
18163|4766|-1
18163|3786|-1
18078|7672|-1
18024|17444|-1
17999|17907|1
17999|38809|1
17999|9556|1
17999|45123|1
17999|4739|0
17999|18404|1
17999|4764|1
17999|17498|1
17999|4826|0
17999|10026|0
17999|9822|1
17999|7545|1
17999|9667|1
17999|17459|1
17999|9297|1
17984|9925|-1
18010|7474|0
18010|10223|-1
18416|17709|-1
18405|10026|0
18398|45439|1
18398|45763|1
18398|9224|1
18398|45646|1
18398|23677|1
18398|18020|1
18398|45768|1
18398|9627|1
18398|17477|1
18398|18291|1
18398|4739|0
18398|45425|1
18398|38858|1
18398|9482|0
18398|17498|0
18398|7545|1
18398|7543|-1
18398|45654|1
18398|55736|1
18398|9650|0
18398|46067|1
18398|18390|1
18398|18117|1
18398|55865|1
18398|7496|0
18398|38225|1
18398|7631|0
18398|24557|1
18398|10143|1
18398|24446|0
18398|45510|1
18398|10113|1
18398|17535|1
18398|9398|0
18398|38880|0
18398|38220|1
18398|10121|1
18398|9268|0
18398|58434|1
18398|23854|1
18398|38195|1
18398|38333|0
18398|24093|0
18398|17536|1
18398|18359|1
18398|9556|0
18398|55785|1
18398|4802|0
18398|10097|1
18398|2687|1
18398|9280|1
18398|7600|0
18398|4826|0
18398|17559|1
18398|4829|0
18398|7604|1
18398|9667|1
18398|18345|1
18398|18107|0
18398|15133|0
18398|10083|1
18398|7475|0
18398|10223|0
18398|24069|1
18398|17562|1
18398|7615|1
18398|38190|1
18398|23702|0
18398|132094|1
18398|38570|1
18398|9443|0
18398|17920|1
18398|109|1
18398|18192|1
18398|9723|0
18398|45872|1
18398|38835|1
18398|24105|0
18398|9342|0
18398|38826|1
18398|24228|1
18398|38285|0
18398|17459|0
18358|17477|-1
18336|4766|-1
18344|23911|0
18347|45725|-1
18311|9848|-1
18208|703|-1
18208|701|0
18190|9299|-1
16550|7385|-1
16546|10910|-1
16546|4323|-1
16575|4323|-1
16562|1239|-1
16562|7018|-1
16562|209|-1
16621|7018|-1
16634|209|-1
16627|26091|-1
16401|7332|-1
16429|17223|-1
16473|14048|-1
16817|5783|1
16817|3356|-1
16817|20001|-1
16817|209|-1
16806|7018|-1
16834|701|-1
16834|16384|1
16834|7132|-1
16892|701|-1
16869|701|-1
16675|25973|-1
17084|701|-1
17122|174|-1
17141|11342|1
17141|15290|-1
17102|14751|-1
17117|26554|-1
16933|209|-1
16916|14276|-1
16916|3356|-1
16916|32393|1
16916|10913|-1
16993|7381|-1
17013|174|-1
17021|3356|-1
17021|209|-1
16976|209|-1
16991|2914|-1
16991|174|-1
17323|701|-1
17327|1970|-1
17317|174|-1
17399|7908|-1
17399|52358|1
17211|15219|-1
17173|701|-1
17173|3356|-1
17237|701|-1
262209|14259|-1
19547|3257|-1
19540|7018|-1
19522|7132|-1
19571|30137|-1
19569|6517|-1
19562|2828|-1
19562|14636|-1
19474|6221|-1
19514|701|-1
19514|7018|-1
19502|6461|-1
19502|4544|-1
19678|7018|-1
19659|174|-1
262357|18881|-1
19697|19024|-1
19697|7018|-1
262392|262304|-1
262386|22548|0
262386|262757|0
262386|1916|0
262386|28220|0
262386|14026|0
262386|53070|0
262386|28138|0
262386|18881|0
262386|28289|0
262386|53242|0
262386|14840|-1
262386|262354|0
262386|28571|0
262386|53175|0
19605|8057|-1
19590|1239|-1
19597|13645|-1
19597|7018|-1
19646|6517|-1
262304|28168|-1
262304|262392|1
19630|1239|-1
262471|22548|0
262471|262757|0
262471|1916|0
262471|28220|0
262471|14026|0
262471|53070|0
262471|28138|0
262471|28289|0
262471|53242|0
262471|14840|0
262471|28329|-1
262471|262354|0
262471|28571|0
262471|53175|0
19805|3356|-1
19805|209|-1
19813|10912|-1
19836|701|-1
262410|52999|-1
262410|28346|-1
19728|4470|-1
19728|701|-1
262453|53185|-1
19771|209|-1
262642|28135|-1
19965|23520|-1
262529|8167|-1
19892|6517|-1
19895|3257|-1
19891|174|-1
19891|6461|-1
262560|262440|1
262560|17379|-1
19897|4436|-1
19897|3356|-1
19897|11774|-1
19897|32327|-1
262770|28654|-1
20073|7018|-1
20073|209|-1
20068|14985|-1
20065|5641|-1
20058|1239|-1
20043|11664|-1
20016|209|-1
20020|6517|-1
20020|19395|-1
262709|28338|-1
262709|262752|-1
262718|14868|-1
19979|701|-1
19979|1239|-1
262685|262822|-1
19974|2828|-1
262882|10429|-1
20204|11025|-1
20183|701|-1
20183|19938|1
20183|4323|-1
20188|701|-1
262852|28289|-1
262864|1916|0
20150|14745|-1
20148|12989|-1
20148|15697|-1
20096|100|1
20096|174|-1
20096|3356|-1
20104|3356|-1
20104|4323|-1
20106|11664|-1
20106|7303|-1
20329|13385|-1
20307|2828|-1
20266|4230|-1
20285|15290|-1
20285|3602|-1
20228|2828|-1
20459|3491|-1
20459|36877|1
20459|36937|-1
20459|6774|-1
20459|174|-1
20459|7420|1
20459|37009|1
20459|33763|1
20459|3356|-1
20459|2905|0
20459|37154|1
20459|28698|1
20459|37185|1
20466|7922|-1
20440|174|-1
20415|6517|-1
20415|19395|-1
20367|3561|-1
18464|1785|-1
18503|46698|-1
18576|11664|-1
18609|15133|-1
18688|174|-1
18711|21976|-1
18736|174|-1
18736|10912|-1
18755|3356|-1
18755|3549|-1
18755|4323|-1
18755|6461|-1
18752|4323|0
18762|19262|-1
18825|16503|-1
18839|16657|-1
18832|701|-1
18832|3356|-1
18864|2828|-1
18864|3257|-1
18907|701|-1
18907|2828|-1
18901|174|-1
18942|27257|-1
18951|174|-1
18951|3549|-1
18958|32654|-1
18959|3257|-1
19061|7018|-1
19035|36149|-1
19035|26100|1
19035|22153|1
19035|4323|1
19015|4323|-1
19134|701|-1
19134|4323|-1
19122|10929|-1
19094|20250|1
19139|2828|-1
19208|174|-1
19208|2828|-1
19221|6128|-1
19221|701|-1
19296|17203|1
19296|4323|-1
19296|14503|1
19287|22804|1
19287|701|-1
19287|3356|-1
19287|19392|1
19294|701|-1
19291|701|-1
19291|3356|-1
19290|701|-1
19290|4323|-1
19288|701|-1
19288|3356|-1
19352|36086|-1
19451|7018|-1
19398|6128|-1
19395|23192|1
19395|21699|1
19395|22297|1
19395|12125|1
19395|16958|1
19395|10466|-1
19395|20020|1
19395|20415|1
21987|1239|-1
21961|6128|-1
21936|4436|-1
21936|174|-1
21944|26819|-1
21921|1239|-1
21921|3356|-1
21862|6471|-1
21847|10379|1
21847|701|-1
21847|2828|-1
21847|14603|1
21845|701|-1
21797|10392|1
21797|174|-1
21797|7459|-1
21790|6461|-1
21773|701|-1
21773|7018|-1
21763|6128|-1
21698|19318|1
21698|6461|-1
21699|6517|-1
21699|19395|-1
21667|32743|-1
21667|701|-1
21664|6517|-1
21687|46887|-1
21687|33730|1
21687|33493|1
21687|19963|1
21687|17077|1
21687|20200|1
21640|2679|1
21640|818|1
21640|10533|1
21640|6509|0
21640|2680|1
21654|26554|-1
21614|10778|-1
21583|3356|-1
21583|3549|-1
21583|7018|-1
21568|2914|-1
21568|209|-1
21544|4323|-1
21526|2828|-1
21526|7385|-1
22425|5056|-1
22410|701|-1
22410|33363|-1
22410|7018|-1
22410|3561|-1
22410|2379|-1
22433|3549|-1
22396|1239|-1
22396|4323|-1
22297|6517|-1
22297|19395|-1
22290|174|-1
22318|53638|1
22318|30444|1
22318|6356|1
22214|1239|-1
22264|40015|-1
22264|14361|-1
22264|6939|-1
22161|3549|-1
22161|6461|-1
22165|15290|-1
22165|15102|-1
22096|1239|-1
22125|701|-1
22125|7018|-1
22031|32869|-1
22016|7385|-1
22016|209|-1
22052|209|-1
20923|8468|0
20923|8607|0
20923|39202|0
20923|30844|0
20923|31500|0
20923|4589|0
20923|10026|0
20923|3356|-1
20923|29636|0
20923|29208|0
20923|35425|0
20923|28917|0
20923|6939|0
20923|6067|0
20923|8426|0
20923|13237|0
20923|8422|0
20923|14361|0
20923|34288|0
20923|8419|0
20923|8359|0
20923|13030|0
20923|12989|0
20923|31133|0
20923|19151|0
20923|8447|0
20923|34695|0
20923|39792|0
20923|42708|0
20923|12859|0
20975|3352|-1
20797|35734|1
20797|48722|1
20797|42979|-1
20797|57516|1
20797|16062|1
20797|25208|1
20797|57430|1
20797|42480|-1
20752|3292|-1
20749|24679|-1
20863|1764|-1
20649|39582|-1
20613|15623|-1
20673|5617|-1
20673|20804|-1
20518|12389|-1
20518|29303|-1
20560|35518|-1
20568|5507|-1
20568|43646|0
21393|8220|-1
21431|8871|-1
21410|47796|-1
21452|37106|-1
21498|3549|-1
21498|3215|-1
21495|15694|-1
21495|12741|-1
21255|31585|-1
21356|21267|1
21356|25152|1
21356|15463|0
21356|29452|1
21356|8419|0
21356|31562|1
21142|48298|1
21142|3356|-1
21142|29583|1
21142|3320|-1
21142|41711|1
21142|2571|1
21223|702|-1
20995|3561|-1
21052|12552|-1
21097|12389|-1
21097|35400|-1
23899|24088|0
23899|7552|-1
23895|2823|1
23895|9547|1
23850|17621|-1
23856|10026|-1
23813|17676|-1
24009|1239|-1
24009|45820|-1
24025|4610|-1
24029|9583|0
24029|24186|-1
24029|17913|1
24029|33480|1
24029|18229|0
24029|9829|-1
24029|45820|-1
23942|4755|-1
23959|9498|-1
23959|18101|-1
23571|4766|-1
23571|9318|-1
23745|38333|1
23745|17536|1
23745|45577|1
23745|18359|1
23745|9556|1
23745|45638|1
23745|24220|1
23745|17477|1
23745|4739|0
23745|7600|1
23745|9482|0
23745|45472|1
23745|4826|0
23745|10026|0
23745|4829|1
23745|7545|-1
23745|18107|1
23745|38611|1
23745|7475|0
23745|7543|0
23745|10223|0
23745|45486|1
23745|56087|1
23745|18390|1
23745|24243|1
23745|10143|1
23745|24446|1
23745|45269|1
23745|55581|1
23745|10113|1
23745|20940|0
23745|38285|0
23745|38880|1
23745|45448|1
23745|7718|1
23745|9749|1
23745|17459|0
23745|9328|0
23745|9268|1
23741|7631|0
23713|9700|-1
23713|9318|-1
24404|4847|-1
327699|37133|-1
24345|209|-1
24531|4761|-1
24548|9901|-1
24460|17672|-1
24460|9812|1
24488|7575|0
24488|38809|0
24488|7631|0
24488|7475|0
24488|9266|0
24188|38809|0
24188|7631|0
24188|9266|0
24184|7642|-1
24181|38022|-1
24177|18403|-1
24104|2764|-1
24104|17766|-1
24308|17494|-1
24302|45204|-1
24235|18049|1
24235|3462|-1
24235|17809|0
22896|3505|-1
22852|25973|-1
22578|174|-1
22560|12182|-1
22560|3356|-1
22545|701|-1
22545|7018|-1
22545|17227|-1
22555|174|-1
22638|10466|-1
22622|577|-1
22718|7018|-1
22710|174|-1
22708|7132|-1
22708|4323|-1
22669|100|1
22669|209|-1
22669|6461|-1
22757|17054|-1
22737|6128|-1
22733|7018|-1
23333|209|-1
23363|30329|-1
23363|18806|-1
23390|701|-1
23390|209|-1
23417|2828|-1
23417|7385|-1
23442|209|-1
23466|7029|-1
23466|11456|-1
23501|6517|-1
23501|1785|-1
23527|7018|-1
23539|3491|-1
23041|174|-1
23129|701|-1
23129|7132|-1
23108|7018|-1
23108|209|-1
23192|6517|-1
23192|19395|-1
23180|7459|-1
23257|701|-1
23257|209|-1
23273|4323|-1
23270|1239|-1
23270|10933|-1
23266|7018|-1
26240|174|-1
26240|7132|-1
26267|7459|-1
26267|4323|-1
26268|3356|0
26268|22773|-1
26351|6983|-1
26360|1239|-1
26360|209|-1
26307|7132|-1
26307|22773|-1
26304|3561|-1
26157|4323|-1
26147|701|-1
26147|209|-1
26149|2828|-1
26235|174|-1
26176|174|-1
26503|3561|-1
26590|13432|-1
26397|7377|-1
26373|3356|-1
26491|174|-1
26473|1299|-1
26473|34695|0
26473|27821|1
26473|28017|1
26473|3257|-1
26473|3549|-1
26473|23148|0
26473|52344|1
26473|9002|0
26473|16735|0
26473|6939|0
26460|701|-1
26460|7018|-1
26440|3770|-1
26441|7725|-1
26441|209|-1
25774|13768|-1
25828|4323|-1
25639|7018|-1
25722|6539|-1
25722|13768|-1
25722|271|-1
25714|10242|-1
25714|2828|-1
26014|3356|0
25985|3356|-1
26039|22105|-1
26024|4323|-1
26061|19429|-1
26098|174|-1
26098|209|-1
26105|27944|1
26105|28064|1
26105|27915|1
26105|14551|-1
26105|27938|1
26105|28005|1
26105|27783|1
26105|27812|1
26105|701|0
26105|22382|1
26105|28031|1
26105|27928|1
26105|22227|1
26105|21599|-1
26105|28062|1
26105|27687|1
26105|27749|1
26105|27716|1
26105|27922|1
26105|27649|1
26095|7018|-1
25866|6263|1
25866|57|-1
25912|174|-1
25904|26519|1
25321|5610|-1
25316|6910|-1
25330|3252|-1
25330|13249|-1
25259|702|-1
25259|1239|-1
25193|702|-1
25208|20797|-1
25127|20940|0
25127|2856|-1
25599|286|-1
25547|5462|-1
25517|8641|-1
25435|6830|-1
25395|29674|1
25395|37164|1
25395|3356|-1
25395|16284|1
25395|43076|1
25395|37187|1
25395|43256|1
25395|286|-1
25379|8732|-1
25388|24709|-1
25388|21021|-1
25346|702|-1
24812|45043|-1
24718|8708|-1
24720|174|-1
24720|3356|-1
24666|5583|-1
24697|24881|-1
24591|9153|-1
24610|15497|-1
25025|20485|-1
25025|8641|-1
24969|42525|-1
25018|18779|-1
24905|8468|0
24905|680|0
24905|30781|0
24905|29049|0
24905|8596|0
24905|31500|0
24905|20640|0
24905|12714|0
24905|4589|0
24905|12779|0
24905|29208|0
24905|9002|0
24905|28917|0
24905|6939|0
24905|9189|0
24905|6667|0
24905|174|-1
24905|8426|0
24905|39912|0
24905|29686|0
24905|13237|0
24905|34288|0
24905|29140|0
24905|13030|0
24905|12989|0
24905|19151|0
24905|13157|1
24905|34695|0
24905|39792|0
24905|6762|-1
24905|12379|1
24905|8492|0
24905|12859|0
24907|6894|-1
24871|8218|-1
28182|1916|0
28228|26592|-1
28542|8151|-1
28535|13591|-1
28511|1280|-1
28510|1280|-1
28601|3257|-1
28557|6503|-1
28558|6503|-1
28558|23520|-1
28636|3257|-1
27667|18592|-1
27660|33576|-1
27658|7908|-1
27651|27874|1
27651|27946|1
27651|25718|1
27651|27732|1
27700|16814|-1
27700|11008|1
27700|10452|1
27700|27870|1
27702|23487|1
27815|11816|-1
27848|7908|-1
27891|20312|-1
27891|27807|-1
27917|27932|1
27917|27755|1
27917|7908|-1
27917|15075|1
27905|18840|-1
27931|14259|-1
27931|6505|-1
27978|2914|-1
27978|27995|1
27978|14259|1
27978|174|-1
27978|6453|-1
27978|3257|-1
27978|28513|-1
27978|6429|1
27986|19180|1
27986|28024|1
27986|17147|1
27986|52341|1
27986|7049|1
27986|27701|1
27986|27925|1
27986|6762|-1
27986|13381|1
27986|3549|-1
27986|27901|1
28014|23520|-1
28057|13878|-1
28085|23520|-1
28095|27750|-1
28109|3597|-1
27219|6181|-1
27219|10796|-1
393224|23352|-1
27306|209|-1
27273|10910|-1
27273|13789|-1
27439|6517|-1
27625|209|-1
27620|8928|-1
27620|8881|-1
27643|7385|-1
26711|20001|-1
26741|174|-1
26747|14701|-1
26645|7018|-1
26655|7018|-1
26635|21976|-1
26633|6128|-1
26684|46375|-1
26684|3356|-1
26686|6983|-1
26660|2914|-1
26660|701|-1
26826|3549|-1
26866|701|-1
26780|4323|-1
26766|10692|-1
26796|1239|-1
26979|3549|-1
26883|23126|-1
26883|14793|-1
26924|3734|-1
27012|12182|-1
30613|6461|-1
30592|36436|-1
30637|3257|-1
30637|3549|-1
30685|3549|-1
30683|7029|-1
30659|2828|-1
30659|7018|-1
30717|7132|-1
30696|14354|1
30696|47064|1
30696|11353|1
30696|26675|1
30696|16905|0
30696|16670|1
30696|46725|1
30696|30350|1
30696|40661|1
30696|31791|1
30696|36695|1
30696|36037|1
30696|54084|1
30696|46258|1
30696|13392|1
30696|14382|1
30522|7029|-1
30522|19159|-1
30537|14742|-1
30591|19653|-1
30591|209|-1
30352|4323|-1
30360|2828|-1
30377|174|-1
30377|27506|-1
30379|6128|-1
30379|14717|-1
30405|3593|-1
30405|39942|1
30405|20413|-1
30427|1239|-1
30427|7018|-1
30424|174|-1
30461|3356|0
30459|18806|-1
30235|29900|1
30235|19019|-1
30226|3356|-1
30226|12179|-1
30226|209|-1
30224|701|-1
30228|7018|-1
30253|23342|-1
30244|4323|-1
30287|701|-1
30287|18990|-1
30297|701|-1
30297|1239|-1
30297|2856|-1
30326|33098|-1
30135|4267|-1
30135|6461|-1
30119|13385|-1
30086|46887|-1
30194|701|-1
30194|21755|-1
30201|209|-1
30183|174|-1
30183|5716|1
30163|701|-1
30163|7018|-1
30153|6198|-1
30155|22402|-1
29960|7018|-1
29958|13550|-1
30065|7385|-1
30038|1239|-1
29857|174|0
29858|4323|-1
29876|29791|-1
29827|7018|-1
29827|209|-1
29839|32400|-1
29839|24679|-1
29839|14280|-1
29853|701|-1
29925|174|-1
29925|3356|-1
29928|3356|-1
29928|4323|-1
29946|3356|-1
29916|174|-1
29732|46944|1
29732|3561|-1
29732|25973|-1
29750|6181|-1
29696|30628|-1
29800|1239|-1
29800|174|-1
29809|3491|-1
29775|20231|-1
29642|49895|-1
29642|12741|-1
29590|20562|-1
29590|1103|0
29590|8468|0
29590|43366|-1
29590|34695|0
29590|24785|-1
29590|9002|0
29590|6939|0
29590|12859|0
29631|5413|-1
29508|29491|-1
29548|37110|-1
29548|30619|-1
29548|36950|1
29398|12968|-1
29398|8246|-1
29364|5504|-1
29257|1239|-1
29233|35526|-1
29164|20860|-1
29131|11666|0
29131|41095|1
29131|20860|-1
29131|5413|0
29131|13030|0
29131|4739|0
29123|8513|-1
29126|20562|-1
29116|29685|-1
29113|2852|0
29113|28905|1
29113|48417|1
29113|197879|1
29113|41030|1
29113|8928|0
29113|51463|1
29113|39817|1
29113|197029|1
29113|12779|0
29113|6939|0
29113|57564|1
29113|57188|1
29113|47317|1
29113|43614|1
29113|197307|1
29113|57077|1
29113|51154|1
29113|47868|1
29113|13030|0
29113|24806|1
29113|6830|0
29113|52115|1
29113|34040|1
29113|47727|1
29113|51727|1
29113|5580|-1
29113|8913|1
29113|39326|0
29113|41692|0
29113|47767|1
29113|196965|1
29113|197442|1
29113|41095|0
29113|44489|1
29113|49890|1
29113|197815|1
29113|1299|-1
29113|197920|1
29113|20708|1
29113|52092|1
29113|196845|1
29113|47269|1
29113|42306|-1
29113|197798|1
29113|3356|-1
29113|196843|1
29113|29208|0
29113|28972|1
29113|9002|0
29113|198282|1
29113|28851|1
29113|39904|1
29113|31117|1
29113|39906|1
29113|39790|1
29113|15685|-1
29113|50971|1
29113|43542|1
29113|196822|1
29113|34315|1
29113|56456|1
29113|57279|1
29113|34222|1
29113|39792|0
29113|196687|1
29113|6881|0
29113|34093|1
29113|42708|0
29113|15425|1
29060|34984|-1
29025|31027|-1
28811|30890|-1
28679|12578|-1
28701|39912|-1
32582|19151|-1
32579|32098|-1
32579|4323|-1
32638|26677|-1
32655|7132|-1
32655|209|-1
32695|26096|-1
32693|2828|-1
32732|16524|-1
32732|1785|-1
32259|13855|-1
32259|6122|-1
32296|22925|-1
32334|6517|-1
32334|174|-1
32334|17231|-1
32333|1785|-1
32380|174|-1
32378|4323|-1
32359|13415|-1
32414|701|-1
32386|14985|-1
32394|6517|-1
32462|209|-1
32046|174|-1
32014|33491|-1
32014|6461|-1
32109|3356|0
32123|7132|-1
32072|2914|-1
32072|174|-1
32070|6461|-1
32168|1239|-1
32180|13407|-1
32180|2828|-1
32184|10835|0
32184|14041|0
32184|33302|0
32184|6939|0
32184|6582|0
32131|7922|-1
32131|4436|-1
32131|12182|-1
32131|10913|-1
32154|11955|-1
32242|701|-1
32200|577|-1
32211|6361|-1
32211|7132|-1
31794|14813|-1
31754|1785|-1
31851|3356|-1
31851|27257|-1
31847|701|-1
31847|3561|-1
31830|701|-1
31922|17054|-1
31922|2828|-1
31919|11976|-1
31914|701|-1
31914|3356|-1
31914|7018|-1
31899|4323|-1
31583|28761|-1
31491|44436|-1
31526|9121|-1
31539|16054|-1
31648|174|-1
31670|12968|-1
31320|12968|-1
31289|12406|-1
31269|43994|-1
31269|41798|-1
31442|174|-1
31442|20647|-1
31436|8331|-1
31426|174|-1
31426|21448|-1
31384|6830|-1
31071|12968|-1
31071|24724|-1
31025|12389|0
31025|8468|0
31025|31147|1
31025|680|0
31025|30781|0
31025|8928|0
31025|29049|0
31025|8596|0
31025|31500|0
31025|20640|0
31025|12714|0
31025|48918|1
31025|21385|0
31025|12779|0
31025|8218|0
31025|16150|0
31025|29208|0
31025|28917|0
31025|6939|0
31025|9189|0
31025|8426|0
31025|39912|0
31025|13237|0
31025|34288|0
31025|8359|0
31025|12989|0
31025|19151|0
31025|57407|1
31025|34695|0
31025|39792|0
31025|23148|0
31025|8492|0
31025|12859|0
30982|30986|-1
30997|29614|-1
30997|37012|0
31005|16186|-1
31109|3549|-1
31109|26769|-1
31120|15497|-1
30832|8877|-1
30832|31435|-1
30834|13100|1
30818|6677|-1
30789|174|-1
30789|24770|1
30743|8798|-1
30751|1103|0
30751|28840|1
30751|8468|0
30751|29190|1
30751|42115|1
30751|30781|0
30751|39202|0
30751|29049|0
30751|34467|1
30751|30844|0
30751|8596|0
30751|31500|0
30751|20640|0
30751|12714|0
30751|21385|0
30751|12779|0
30751|3267|0
30751|3549|0
30751|35425|0
30751|28917|0
30751|6939|0
30751|9189|0
30751|41279|1
30751|35473|1
30751|39912|0
30751|29225|1
30751|12637|0
30751|13237|0
30751|3257|-1
30751|34288|0
30751|29140|0
30751|13030|0
30751|8419|0
30751|12989|0
30751|20562|0
30751|19151|0
30751|35728|1
30751|34695|0
30751|39792|0
30751|49816|1
30751|23148|0
30751|8492|0
30751|42708|0
30751|44895|1
30751|12859|0
30751|29426|1
30747|47789|-1
30958|35130|1
30958|12445|-1
30958|47986|1
30929|2614|-1
30888|8708|-1
30890|39573|1
30890|57691|1
30890|48067|1
30890|50244|1
30890|39569|1
30890|31554|1
30890|680|0
30890|47220|1
30890|35622|1
30890|44607|1
30890|20524|1
30890|51461|1
30890|20640|0
30890|39345|1
30890|43358|1
30890|48643|1
30890|49050|1
30890|16150|0
30890|3549|-1
30890|28917|0
30890|6939|0
30890|44047|1
30890|9189|0
30890|6667|0
30890|57934|1
30890|8426|0
30890|29686|0
30890|42901|1
30890|49666|1
30890|34288|0
30890|29140|0
30890|13030|0
30890|41058|1
30890|3303|0
30890|48948|1
30890|39743|-1
30890|51842|1
30890|41805|1
30890|3216|0
30890|41633|1
30890|41095|0
30890|8468|0
30890|13210|1
30890|3223|1
30890|30781|0
30890|57217|1
30890|31500|0
30890|12714|0
30890|4589|0
30890|5541|-1
30890|39503|1
30890|42201|1
30890|9304|0
30890|8218|0
30890|29208|0
30890|51107|1
30890|3210|1
30890|5413|0
30890|9002|0
30890|34723|1
30890|28811|1
30890|39912|0
30890|13237|0
30890|48763|1
30890|39543|1
30890|8359|0
30890|49252|1
30890|12989|0
30890|19151|0
30890|29473|1
30890|12310|0
30890|48192|1
30890|34695|0
30890|39792|0
30890|23148|0
30890|8492|0
30890|12859|0
30890|42950|1
35268|25229|-1
35294|8732|-1
35305|31242|-1
35315|15830|-1
35315|8218|-1
35112|39869|-1
35112|13030|0
35164|8595|-1
34979|8708|-1
35039|21263|-1
35011|1267|-1
35066|12670|-1
35048|34916|-1
34850|8767|-1
34850|8220|-1
34908|20850|-1
35747|12406|-1
35736|12576|-1
35811|8708|-1
35811|35002|-1
35829|1103|0
35829|8468|0
35829|34695|0
35829|30781|0
35829|38930|-1
35829|24785|-1
35829|6939|0
35829|12859|0
35782|24785|-1
35786|25003|-1
35784|174|-1
35791|174|-1
35791|3257|-1
35628|5617|-1
35709|39392|-1
35675|29670|-1
35675|13237|-1
35674|25227|-1
35458|8437|-1
35563|48452|-1
35536|31400|-1
35521|34277|-1
35521|8732|-1
35372|8447|-1
36335|22702|-1
36229|7922|-1
36248|16559|0
36248|36280|0
36248|11666|0
36248|19151|0
36248|2381|0
36248|8422|0
36248|14361|0
36248|9002|0
36248|15412|0
36248|6939|0
36248|4739|0
36215|701|-1
36215|27346|1
36096|701|-1
36131|4323|-1
35931|3356|-1
35841|3356|-1
35842|11426|-1
35845|174|-1
35845|6461|-1
35893|34695|0
35893|22652|0
35898|14214|1
35898|3356|-1
35898|10796|-1
35898|32839|1
35898|209|-1
35898|26078|1
35900|6128|-1
35900|701|-1
35877|7018|-1
35882|3356|-1
35883|5778|-1
36824|2914|-1
36824|4436|-1
36824|11666|0
36824|19151|0
36824|7575|0
36824|6939|0
36769|701|-1
36792|174|-1
36747|22773|-1
36713|3356|-1
36716|6939|-1
36727|33725|1
36727|18522|1
36727|32415|1
36727|54565|1
36727|19386|1
36727|1239|-1
36727|6651|1
36727|3356|-1
36727|19314|1
36727|10437|1
36727|14283|1
36727|209|-1
36727|33638|1
36727|33328|1
36727|27356|1
36727|54142|1
36727|14554|1
36727|13776|1
36727|33629|1
36727|2828|-1
36727|40389|1
36727|32369|1
36727|32071|1
36727|10340|1
36727|19008|1
36727|15019|1
36727|26862|1
36727|20175|1
36727|26133|1
36727|17285|1
36727|40677|1
36729|3356|0
36732|17060|1
36660|7018|0
36665|3549|-1
36637|1785|-1
36637|4323|-1
36607|1616|-1
36579|701|-1
36562|3549|-1
36562|20456|-1
36551|701|-1
36551|174|-1
36537|16082|-1
36537|8220|-1
36510|812|-1
36505|174|-1
36506|5050|-1
36500|6128|-1
36454|1239|-1
36454|4323|-1
36453|2828|-1
36445|6453|-1
36445|3257|-1
36445|4459|-1
36424|10910|-1
36412|11164|-1
36412|22192|1
36412|11534|1
36412|15191|1
36412|11537|-1
36370|11427|-1
36370|2828|-1
36370|7018|-1
36370|209|-1
33060|3356|-1
33146|22925|-1
33153|3754|-1
33241|3593|-1
33241|3737|-1
33216|2828|-1
33216|13791|-1
33253|30709|-1
33255|14905|-1
32781|3356|-1
32781|209|-1
32783|4323|-1
32825|8121|-1
32828|209|-1
32840|701|-1
32872|174|-1
32888|2828|-1
32921|701|-1
32921|3737|-1
32960|3356|-1
32960|3549|-1
32988|12182|-1
32988|18485|-1
33013|3356|0
33578|23304|-1
33565|174|-1
33550|13789|-1
33616|1668|0
33616|3491|-1
33616|19151|-1
33616|6453|-1
33616|29791|-1
33616|3356|-1
33616|23352|-1
33616|3549|-1
33616|8121|-1
33616|6939|-1
33616|26769|-1
33601|701|0
33601|3356|-1
33673|33659|-1
33789|11537|0
33789|24863|0
33729|6517|-1
33729|1668|0
33729|3491|-1
33729|4436|-1
33729|41095|-1
33729|29791|-1
33729|3356|-1
33729|23352|-1
33729|3549|-1
33729|4323|-1
33729|6939|-1
33729|26769|-1
33318|701|-1
33307|3505|-1
33307|11426|-1
33398|3356|-1
33349|701|-1
33349|7018|-1
33452|2914|-1
33452|26163|-1
33423|33491|-1
33423|1785|-1
33423|7018|-1
33434|2828|-1
33524|19693|-1
33473|1785|-1
34160|39010|-1
34186|8708|-1
33863|6830|-1
33863|12476|-1
33863|51414|1
33863|197936|1
33897|28877|-1
33897|34021|-1
33822|558|-1
33833|20751|-1
33997|197688|1
33997|34677|1
33997|21219|-1
33992|5400|-1
33992|8447|-1
34003|8246|-1
34003|20804|-1
33944|702|-1
34682|29076|-1
34642|9070|-1
34645|25454|-1
34645|15836|-1
34635|12968|-1
34635|31242|-1
34637|20804|-1
34637|12741|-1
34562|51088|-1
34571|50244|-1
34798|8553|-1
34766|28840|-1
34390|5617|-1
34390|48464|1
34348|47898|-1
34348|13249|-1
34348|15772|-1
34365|1680|-1
34333|12389|-1
34328|1764|-1
34539|6908|-1
34535|12670|-1
34553|6703|-1
34553|6702|-1
34553|31475|-1
34501|57136|-1
34495|31261|-1
39165|2854|-1
39143|8331|0
39123|8820|-1
39111|34695|0
38939|8708|-1
38941|6910|-1
39036|3209|-1
39036|8767|-1
39024|15570|-1
39336|39669|-1
39366|8708|-1
39207|2588|-1
39224|44682|-1
39220|57912|-1
39220|13124|-1
39169|197043|-1
39556|3216|0
39556|1103|0
39556|8468|0
39556|30781|0
39556|31500|0
39556|20640|0
39556|1836|0
39556|4589|0
39556|12779|0
39556|9304|0
39556|6730|0
39556|9002|0
39556|28917|0
39556|6939|0
39556|51050|1
39556|6667|0
39556|8426|0
39556|12637|0
39556|13237|0
39556|8422|0
39556|34288|0
39556|8359|0
39556|12989|0
39556|19151|0
39556|8447|0
39556|5568|0
39556|34695|0
39556|39792|0
39556|23148|0
39556|39326|0
39556|8492|0
39556|41692|0
39556|42708|0
39556|12859|0
39559|8697|-1
39640|6830|-1
39640|15600|-1
39625|197903|-1
39438|1299|-1
39425|8338|-1
39425|12302|-1
39465|6767|-1
39902|35505|-1
39724|20485|-1
39724|8359|-1
39786|41798|-1
40151|11975|1
40151|11221|1
40151|40220|-1
40141|1239|-1
40107|701|-1
40094|7385|-1
40075|4323|-1
40078|7925|-1
40030|22773|-1
40001|174|-1
40012|209|-1
40014|19082|-1
40445|15305|-1
40442|174|-1
40442|558|-1
40398|11139|-1
40403|701|-1
40379|2381|-1
40379|20231|-1
40297|26292|-1
40228|6128|-1
40653|22581|-1
40653|20243|1
40653|3549|-1
40653|20080|-1
40653|16971|1
40641|7795|-1
40647|22773|-1
40685|29748|-1
40673|4581|-1
40673|7018|-1
40605|174|-1
40593|209|-1
40594|26978|-1
40594|174|-1
40589|19151|-1
40576|209|-1
40614|6461|-1
40614|14743|-1
40533|22959|-1
40533|7029|-1
40535|6939|-1
40526|12182|-1
40478|3356|-1
40478|3549|-1
40461|174|-1
40482|14742|-1
40903|174|-1
40903|6453|-1
40843|33481|-1
40858|174|-1
40888|174|-1
40888|2828|-1
40718|40178|-1
40730|1239|-1
40730|209|-1
40731|174|-1
40766|1239|-1
36927|16284|-1
36927|33775|-1
36864|30985|-1
36869|14988|-1
36869|37014|1
36892|22351|-1
36892|31810|-1
36895|36884|-1
36966|15399|-1
36931|3741|-1
36931|5713|-1
36957|37004|-1
36950|29548|-1
37083|29091|-1
37176|36969|-1
37151|26452|-1
37139|31713|-1
37227|37063|-1
37226|20928|-1
37201|16637|-1
37201|2905|0
37300|5377|-1
37277|22822|-1
37367|44356|-1
37366|11259|-1
37361|30986|-1
37362|33765|-1
37362|36965|-1
37397|16637|-1
37397|2905|0
37995|9930|-1
37967|9584|-1
37928|23913|1
37928|4739|0
37904|17676|-1
37904|4725|-1
37909|7509|-1
38117|18302|-1
38128|4766|-1
38088|18302|-1
38085|7474|0
38072|9498|-1
38072|18101|-1
38079|9503|-1
38016|17746|-1
38023|17806|-1
38023|17494|-1
38246|7602|-1
38181|2914|-1
38181|23767|-1
38187|174|-1
38187|1299|-1
38367|4847|-1
38272|17494|-1
38497|18103|-1
38517|45147|-1
38517|9251|1
38646|55374|-1
38646|7660|0
38646|2516|0
38646|2500|-1
38646|6939|0
38646|38629|-1
38542|58389|-1
38542|45298|-1
38542|56246|-1
38550|3549|-1
38561|1221|1
38561|2914|0
38561|2764|0
38561|9398|-1
38561|10143|0
38587|4538|-1
38756|7713|-1
38667|9318|-1
38667|3786|-1
38696|9318|-1
38865|7693|-1
38865|7470|-1
38897|4853|-1
38899|7693|-1
38792|9584|-1
38832|1221|-1
44008|20629|-1
44015|41920|-1
44024|1680|-1
43997|15595|-1
43920|8246|-1
43851|28738|-1
43818|48555|-1
43818|12880|-1
43765|35804|-1
43752|13092|-1
43671|31191|-1
43648|21365|-1
43661|24599|-1
43634|12507|-1
43606|8928|-1
43563|43457|-1
43553|21219|-1
43544|31133|-1
43544|41022|1
43544|20870|-1
43538|8681|-1
43538|13216|1
43457|43563|1
43457|16245|-1
43489|15835|-1
43496|16181|-1
43409|20562|-1
43409|1103|0
43409|34695|0
43409|24785|-1
43409|12859|0
43414|12695|-1
43431|3269|-1
43428|10310|-1
43428|3356|0
43432|25478|-1
43336|2819|-1
43336|15685|-1
43336|41824|-1
43349|3356|-1
43349|30844|0
43349|286|-1
43349|6461|-1
43292|3320|-1
43312|1267|-1
43231|28890|-1
43231|5563|-1
43224|6663|-1
43169|24724|-1
43169|6939|0
43177|58002|-1
43177|8744|-1
43177|43268|-1
43100|2200|0
43100|43460|1
43100|24776|0
43100|25593|0
43100|6805|0
43100|31564|0
43100|29169|0
43100|47358|0
43100|47353|0
43100|16265|0
43100|47332|1
43100|51754|0
43100|16276|0
43100|39072|0
43100|34659|0
43100|44444|0
43100|34948|0
43100|20900|0
43100|50384|0
43100|29152|0
43100|44980|0
43100|197133|0
43100|29639|0
43100|35719|0
43100|8565|0
43100|35717|0
43100|39605|0
43100|44219|0
43100|34997|0
43100|8560|0
43100|39600|0
43100|42|0
43100|25286|0
43100|197422|0
43100|4651|0
43100|49594|0
43100|3303|0
43100|197981|0
43100|47841|0
43100|48815|0
43100|8784|0
43100|51243|0
43100|8304|0
43100|14537|0
43100|198240|0
43100|48528|0
43100|21409|0
43100|2484|0
43100|8554|0
43100|13335|0
43100|31611|0
43100|2486|0
43100|8190|0
43100|50858|0
43100|50316|0
43100|39636|0
43100|52075|0
43100|29598|0
43100|31500|0
43100|34618|0
43100|31235|0
43100|57734|0
43100|30419|0
43100|8218|-1
43100|16347|0
43100|28855|0
43100|34606|0
43100|41765|1
43100|16073|1
43100|57119|0
43100|51269|0
43100|24963|0
43100|50620|0
43100|43185|0
43100|39905|0
43100|21502|0
43100|50618|0
43100|196689|0
43100|33835|0
43100|198435|1
43100|29075|0
43100|43436|0
43100|51083|0
43100|29608|0
43100|15830|0
43100|39104|0
43100|8723|0
43100|8487|-1
43100|12849|0
43100|12850|0
43100|20940|0
43100|15826|0
43100|47242|0
43100|39117|0
43100|8399|0
43100|42669|0
43100|41157|0
43100|20994|0
43100|31688|0
43100|2611|0
43100|30972|0
43100|35625|0
43100|31449|0
43100|15422|0
43100|197036|1
43100|25187|0
43100|43646|0
43100|48426|0
43100|50796|0
43100|16128|0
43100|52143|0
43100|197264|0
43100|6661|0
43100|15401|1
43100|43625|0
43100|56824|0
43100|26415|0
43100|48913|0
43100|12779|1
43100|24904|1
43100|34006|0
43100|50812|1
43100|29513|0
43100|6939|0
43100|34002|0
43100|29286|0
43100|42425|0
43100|12041|0
43100|51616|0
43100|39180|0
43100|49466|1
43100|34021|0
43100|37002|0
43100|34019|0
43100|44334|0
43100|44092|0
43100|34863|0
43100|57468|0
43100|9153|0
43100|41690|0
43100|5580|0
43100|34758|0
43100|41692|0
43100|5577|0
43100|34274|1
43100|41090|1
43100|6738|0
43100|41095|0
43100|41364|0
43100|42456|0
43100|47406|0
43100|43573|0
43100|41644|0
43100|2686|0
43100|50032|0
43100|33926|0
43100|31167|0
43100|41653|0
43100|8586|0
43100|30889|0
43100|44099|0
43100|41651|0
43100|15133|0
43100|34177|0
43100|16210|0
43100|16211|0
43100|25091|0
43100|6774|0
43100|34224|0
43100|8839|0
43100|13237|0
43100|21101|0
43100|198335|0
43100|35655|0
43100|15436|1
43100|28929|0
43100|43531|0
43100|49517|0
43100|34695|0
43100|35189|0
43100|35393|0
43100|44141|0
43100|47927|0
43100|31121|0
43100|35184|0
43100|50234|0
43100|29246|0
43100|25358|0
43100|16509|0
43100|42708|0
43100|34913|0
43120|39608|-1
43119|1836|-1
43119|3303|-1
43065|2854|-1
43065|47218|-1
44984|20485|-1
44979|8220|-1
45053|44391|-1
45004|57864|0
45004|47694|1
45004|29076|0
45004|49029|1
45004|28917|0
44715|8641|-1
44706|44919|-1
44679|29076|-1
44794|20632|-1
44752|39912|-1
44756|8218|-1
44756|3257|-1
44602|5537|-1
44577|50244|-1
44577|43890|-1
44589|8717|-1
44589|39251|-1
44573|13030|-1
44661|16179|-1
44643|21021|-1
44650|5541|-1
44610|41095|-1
44620|6461|-1
44459|25351|-1
44460|8358|-1
44536|6453|-1
44531|58002|0
44531|43268|-1
44289|47148|-1
44290|8697|-1
44328|42525|-1
44337|8468|0
44337|49858|1
44337|8426|0
44337|39912|0
44337|30781|0
44337|13237|0
44337|29049|0
44337|34288|0
44337|8596|0
44337|29140|0
44337|20640|0
44337|12989|0
44337|19151|0
44337|12779|0
44337|34695|0
44337|39792|0
44337|16150|0
44337|29208|0
44337|23148|0
44337|29632|-1
44337|28917|0
44337|6939|0
44337|9189|0
44337|12859|0
44350|20632|-1
44389|9121|-1
44205|42901|-1
44204|8708|-1
44204|33875|-1
44266|20485|-1
44037|42973|-1
44042|8447|0
44042|680|0
44042|8607|0
44042|29686|0
44042|31500|0
44042|6667|0
44042|8492|0
44072|48452|-1
44120|41661|-1
41775|12552|-1
41968|41230|-1
41939|6830|-1
41939|13030|-1
41917|8402|-1
41917|12695|-1
41891|34352|-1
41857|8551|-1
41864|5606|-1
41864|35002|-1
41576|9155|-1
41532|702|-1
41532|2856|-1
41487|8308|-1
41487|12968|-1
41633|30890|-1
41656|8249|-1
41303|35019|-1
41292|8751|-1
41239|42610|-1
41239|8359|-1
41262|5602|-1
41425|48918|-1
41459|12883|-1
41442|8308|-1
41442|8246|-1
41450|2686|-1
41450|1273|-1
41449|8928|-1
41449|12924|-1
41397|8708|-1
41068|35638|-1
41068|31278|1
41058|30890|-1
40979|12741|-1
41174|702|-1
41174|3356|-1
41214|5466|-1
41214|3257|-1
41119|39386|-1
42799|6849|-1
42782|50054|-1
42878|42081|-1
42857|35141|-1
42827|35000|-1
42827|31277|0
42900|20804|-1
42900|20960|-1
42901|44205|1
42901|30890|-1
42901|39543|-1
42994|5563|-1
42593|34052|-1
42598|26627|-1
42609|9121|-1
42588|50384|-1
42588|31500|0
42588|25478|-1
42663|174|0
42663|8220|-1
42624|44658|1
42624|48062|1
42624|6747|-1
42624|48680|1
42650|1267|-1
42650|12874|-1
42725|8220|-1
42724|25180|-1
42711|21219|-1
42258|25311|-1
42316|8439|-1
42360|43890|-1
42348|15924|-1
42388|25531|-1
42391|39611|-1
42382|25577|-1
42382|20860|-1
42403|25152|1
42489|15830|-1
42489|174|0
42480|8194|1
42480|15721|1
42480|3327|1
42480|12965|1
42480|20797|1
42480|24651|1
42480|29466|1
42480|12993|1
42480|24589|1
42480|1257|0
42480|24972|1
42480|47814|1
42480|47570|1
42480|35407|1
42480|21016|1
42480|35636|1
42480|8285|1
42480|29600|1
42480|20777|1
42480|5518|1
42480|34001|1
42479|24867|-1
42476|25091|0
42476|8758|0
42476|29222|0
42476|39912|0
42476|34288|0
42035|8331|0
42035|28917|0
42035|8492|0
42035|24739|0
42043|34743|-1
42143|8708|-1
42147|9121|-1
42179|6320|-1
47825|6453|-1
47824|3302|-1
47816|8359|-1
47840|34594|-1
47851|42787|-1
47754|41786|-1
48110|44395|-1
48113|12310|-1
48019|29632|-1
47941|3356|-1
47941|30844|0
47941|6461|-1
47896|9002|-1
47915|16300|-1
47931|34744|-1
47924|13079|-1
47356|12968|-1
47318|5541|-1
47308|174|-1
47268|8218|-1
47162|34470|-1
47154|42525|-1
47539|5462|-1
47463|20562|-1
47463|1133|1
47463|198508|1
47463|24586|0
47463|48972|1
47455|197263|-1
47368|34524|-1
47384|2914|-1
47384|30911|1
47384|47345|1
47384|39629|1
47381|8321|1
47381|34655|-1
47383|16150|-1
48804|6830|-1
48804|2686|-1
48858|8331|0
48858|41560|1
48858|47370|1
48858|42187|1
48858|47433|1
48858|43314|1
48858|5563|-1
48858|41794|1
48858|28917|0
48858|8359|0
48858|8492|0
48671|13307|-1
48671|15785|-1
48647|25086|-1
48647|16285|-1
48695|43775|1
48722|20797|-1
48722|56454|1
48727|29632|-1
48753|8744|-1
48763|30890|-1
48749|31252|-1
49065|51074|-1
49062|12310|-1
49062|47602|-1
49086|51461|-1
49097|41947|-1
49130|3257|-1
49127|34362|-1
49147|42337|-1
48925|20647|-1
48929|34723|-1
48970|8422|-1
48970|20676|-1
49014|39912|-1
49020|9050|-1
48260|29632|-1
48360|34279|-1
48170|9121|-1
48150|5089|-1
48158|50928|-1
48131|42081|-1
48198|43802|-1
48196|25229|-1
48196|3261|-1
48603|47165|-1
48399|5606|-1
48497|39301|-1
45646|23913|1
45646|18398|-1
45646|18111|-1
45651|9268|-1
45695|4826|-1
45695|9942|-1
45571|4826|-1
45783|10026|-1
45819|45261|-1
45728|45735|-1
45745|2764|-1
45831|45177|-1
45880|4826|0
45880|7575|0
45880|10026|0
45880|38809|-1
45880|7631|0
45880|7475|0
45880|9266|0
45880|4739|0
45864|3549|-1
46022|38496|-1
46022|4800|-1
45976|4766|-1
45976|3786|-1
45988|4766|-1
45988|18302|-1
45157|3491|-1
45135|38022|-1
45132|23658|1
45132|23870|1
45132|23154|1
45132|45820|-1
45100|4847|-1
45091|23724|-1
45095|4134|-1
45112|17785|-1
45112|24445|-1
45253|38809|0
45222|38022|-1
45439|18398|-1
45409|45400|-1
45322|38518|-1
45322|45298|-1
45566|15169|-1
45482|7575|0
45482|10026|0
45482|7545|0
45482|38826|1
45482|18111|1
46598|1239|-1
46600|11666|-1
46600|701|-1
46600|6327|-1
46600|6461|-1
46709|4181|-1
46709|20115|-1
46756|6327|-1
46770|174|-1
46795|7018|-1
46801|33597|-1
46855|6128|-1
46848|2828|-1
46848|7385|-1
46856|3356|-1
46856|3561|-1
46892|30524|-1
46892|2828|-1
46962|2828|-1
46962|7018|-1
46975|3356|-1
46951|26554|-1
46956|13760|-1
46956|7018|-1
47034|4323|-1
47021|6517|-1
47012|174|-1
47012|10912|-1
47048|14585|-1
47047|22925|-1
47097|701|0
47088|36263|1
47092|16410|-1
47082|209|-1
46116|13945|-1
46124|6517|-1
46131|6939|-1
46136|6517|-1
46143|6517|-1
46102|4565|-1
46102|1785|-1
46158|3754|-1
46165|7385|-1
46267|209|-1
46234|18779|-1
46237|6517|-1
46315|3356|-1
46315|7385|-1
46332|174|-1
46280|6128|-1
46280|701|-1
46294|174|-1
46294|13030|0
46294|8359|0
46294|25973|-1
46294|12989|0
46294|45896|0
46294|11666|0
46294|4826|0
46294|10026|0
46294|7575|0
46294|9304|0
46294|34695|0
46294|6939|0
46293|6539|-1
46293|19875|-1
46402|3561|-1
46402|6461|-1
46508|3356|-1
46486|16582|-1
46468|1785|-1
46468|22773|-1
46470|3754|-1
46560|14717|-1
46552|3356|0
52298|27742|-1
52243|27767|-1
53119|28289|-1
53119|28667|-1
53085|8167|-1
53024|25933|-1
53027|4230|-1
53031|19750|-1
53014|28624|-1
53132|262345|1
53132|28323|1
53132|28139|1
53132|18881|-1
53132|262789|1
51500|39792|-1
51502|29226|-1
51546|8470|-1
51562|25229|-1
51562|29632|-1
51575|9121|-1
51620|31242|-1
51692|39792|-1
51692|57214|1
51221|8744|-1
51254|6697|-1
51247|29648|-1
51287|25973|-1
51321|8708|-1
51302|8220|-1
51301|42109|-1
51357|16066|-1
51358|33991|-1
51359|13023|-1
51359|44482|-1
51340|174|-1
51340|12586|-1
51452|5598|-1
51453|12389|-1
51453|28745|-1
51453|29648|-1
51970|39156|-1
51970|51118|-1
51998|8440|-1
52082|44894|-1
52051|12406|-1
52133|48944|-1
52146|1299|-1
52146|286|-1
52150|15576|-1
52116|8400|-1
52126|29182|-1
52199|39743|-1
52193|39743|-1
52218|50949|-1
51786|12695|-1
51868|43890|-1
51936|47402|-1
51951|41947|-1
51920|20562|-1
51920|24785|-1
51905|5089|-1
51919|8881|-1
50642|6910|-1
50631|12670|-1
50631|3215|-1
50514|43975|-1
50514|41209|-1
50500|174|-1
50559|39442|-1
50532|12406|-1
50440|34744|-1
50440|5541|-1
50495|29208|-1
50380|3255|-1
50380|15772|-1
50393|15570|-1
50385|9070|-1
50388|24785|-1
50408|5617|-1
50415|1836|-1
50415|6830|-1
50414|2828|-1
50412|5541|-1
50424|702|-1
50424|3549|-1
50328|8308|-1
50360|6830|-1
50352|31133|-1
50242|5578|-1
50254|2914|-1
50254|174|-1
50259|42337|-1
51190|50694|1
51190|21127|-1
51169|51260|1
51169|34949|1
51169|52018|1
51169|3215|-1
51169|31136|1
51150|5541|-1
51026|42610|-1
51001|48555|-1
51001|43395|-1
51001|57674|1
51001|43343|-1
50990|35638|-1
50922|8530|-1
50922|20679|-1
50914|4788|-1
50937|50165|-1
50839|43443|-1
50795|40975|-1
50801|3267|-1
50801|9002|-1
50801|8492|0
50754|50928|-1
50764|3549|-1
50770|8708|-1
50736|42668|-1
50745|3257|-1
49596|6910|-1
49571|39216|-1
49625|20562|-1
49625|1103|0
49625|5580|-1
49625|6939|0
49625|12859|0
49613|31359|-1
49655|9050|-1
49659|20579|-1
49663|5606|-1
49416|42227|-1
49408|43146|-1
49466|43100|-1
49466|39180|-1
49518|12615|-1
49518|20876|-1
49297|47921|-1
49401|8877|0
49401|1103|0
49401|41095|0
49401|35621|0
49401|13147|1
49401|47872|-1
49401|57344|0
49401|47748|0
49401|15471|1
49401|5606|0
49401|49909|1
49401|20530|1
49401|43561|0
49401|12779|0
49401|20771|0
49401|5483|0
49401|9064|1
49401|6667|0
49401|48452|0
49401|42081|0
49401|8426|0
49401|35002|1
49401|34224|0
49401|12637|0
49401|13237|0
49401|51555|0
49401|34288|0
49401|35584|1
49401|12989|0
49401|20562|0
49401|8447|0
49401|39737|0
49401|34695|0
49401|34754|0
49401|39184|0
49401|25542|0
49401|42708|0
49401|43376|0
49401|44553|0
49166|43746|-1
49180|3340|-1
49180|5483|-1
49184|12389|-1
49184|29076|-1
49202|8358|-1
49239|21240|-1
49258|6939|0
49274|8422|-1
50102|34711|-1
50069|1680|-1
50069|25003|-1
50077|20485|-1
50077|31133|-1
50077|3239|-1
50166|21246|-1
50151|5606|-1
50132|8220|-1
49978|44341|-1
49954|9116|-1
49936|20562|-1
49936|24785|-1
49932|1299|-1
50044|25308|-1
50044|35640|-1
49846|39326|-1
49900|17018|-1
49862|174|-1
49862|8218|-1
49856|1853|0
49856|39912|0
49879|39582|-1
49697|48159|-1
49738|34224|-1
49738|57344|-1
49755|6858|-1
56418|49687|-1
56355|13121|1
56355|13249|-1
56355|9002|-1
56346|8571|-1
56346|31549|-1
56346|56703|1
56333|43146|-1
56335|15497|-1
56507|48555|-1
56469|38913|-1
56453|20562|-1
56453|24785|-1
56660|8708|-1
56630|20485|-1
56630|31133|-1
56630|20764|-1
56577|12695|-1
56810|16229|-1
56757|15497|-1
56908|6830|-1
56908|9050|-1
56951|45013|-1
56945|20960|-1
56871|12695|-1
56875|174|0
56875|3257|-1
57053|15924|-1
57048|25091|0
57048|1103|0
57048|174|-1
57048|29222|0
57048|39912|0
57048|3257|-1
57048|34288|0
57048|1836|0
57048|15469|0
57048|20562|0
57048|8758|0
57048|34695|0
57048|9002|0
57048|51852|1
57048|6939|0
57048|12859|0
57027|12406|-1
57021|13193|-1
57021|8426|0
57021|39912|0
57189|8331|-1
57189|12389|-1
57095|24680|-1
57109|197018|1
57109|9002|-1
57140|3356|-1
57317|34547|-1
57312|8402|-1
57312|31261|-1
57340|9031|-1
57217|30890|-1
57217|51474|-1
57240|12695|-1
57276|49063|-1
55357|9268|-1
55338|55539|-1
55320|18403|-1
55301|24466|-1
55302|4739|-1
55374|7521|-1
55374|38646|1
55374|2497|0
55484|1221|-1
55530|45481|-1
55530|17766|-1
55509|2764|-1
55512|10026|-1
55519|4826|-1
55518|38001|-1
55593|9318|-1
55593|3786|-1
55594|9318|-1
55594|3786|-1
55576|2914|-1
55576|1103|0
55576|41095|0
55576|8468|0
55576|8607|0
55576|10026|0
55576|12779|0
55576|3267|0
55576|3356|-1
55576|29208|0
55576|3549|-1
55576|28917|0
55576|6939|0
55576|12350|0
55576|852|0
55576|8426|0
55576|12637|0
55576|29076|0
55576|13237|0
55576|8422|0
55576|34288|0
55576|3320|-1
55576|8419|0
55576|8359|0
55576|12989|0
55576|19151|0
55576|20562|0
55576|5568|0
55576|34695|0
55576|39792|0
55576|16243|-1
55576|23148|0
55576|39326|0
55576|41692|0
55576|42708|0
55576|12859|0
55671|17826|-1
55630|4766|-1
55737|3758|-1
55692|55653|-1
55691|45786|-1
55800|38896|-1
55934|23838|0
55934|23655|0
55933|6453|-1
55953|20485|0
55953|24549|-1
55953|45896|0
55953|9304|0
55953|7660|0
55953|9002|0
55953|4739|0
56019|23724|-1
56034|9299|-1
56073|9942|-1
56084|45175|1
56104|45175|1
56119|9729|-1
56145|7643|-1
56165|23930|-1
56165|6648|-1
56189|4770|-1
56214|38477|-1
56252|3303|0
56252|45896|0
56252|4826|0
56252|45147|-1
56252|9304|0
56252|7660|0
56252|9002|0
56252|4739|0
56267|9658|-1
56306|58389|-1
56306|56246|-1
56306|45305|-1
54477|852|-1
54477|15296|-1
54457|22442|-1
54364|174|-1
54648|2914|-1
54648|3356|-1
54608|174|-1
54604|6461|-1
54580|33548|-1
54580|4323|-1
54561|16724|-1
53390|174|-1
53390|14717|-1
53386|13790|-1
53396|7018|-1
53398|174|-1
53491|19082|-1
53491|6459|-1
53489|4323|-1
53293|174|-1
53293|6461|-1
53308|701|-1
53308|7018|-1
53366|3356|-1
53664|3356|-1
53658|4323|-1
53738|4323|-1
53740|14745|-1
53742|5760|-1
53698|4323|-1
53510|2914|-1
53510|3356|-1
53603|21547|-1
53603|13977|-1
53588|22549|-1
53588|30217|-1
53570|174|-1
53570|30373|-1
53895|14755|-1
53969|4436|-1
53969|174|0
53989|46148|1
53989|32703|-1
53773|3549|-1
53795|16438|-1
53844|18779|-1
53844|19413|-1
53846|32592|-1
54151|19406|-1
54214|6327|-1
54270|2828|-1
54099|6298|-1
54096|174|-1
54097|174|-1
54097|30373|-1
54090|13789|-1
58513|7713|-1
58389|38542|1
58389|58482|1
58389|45325|1
58389|56306|1
58389|58369|1
58389|46043|-1
58389|58501|1
58389|24203|-1
58389|38511|1
58389|45289|1
58389|131694|1
58389|56239|1
58420|17494|-1
58459|4613|1
58459|9498|-1
58491|23756|-1
58202|15830|-1
58145|38913|-1
58137|29073|-1
58089|57380|-1
58050|29271|-1
58050|42429|-1
58070|50597|-1
58029|3216|-1
58029|25227|-1
57999|9031|-1
58007|35000|-1
57894|15772|-1
57916|43925|-1
57687|57683|1
57687|21156|-1
57721|43146|-1
57615|29319|-1
57611|5541|-1
57604|57153|-1
57663|9031|-1
57651|15640|-1
57651|29303|-1
57565|39743|-1
57501|12741|-1
57532|31252|-1
57532|25454|-1
57412|34892|-1
57436|21488|-1
57430|20797|-1
57450|8708|-1
57467|3303|-1
57467|6830|-1
57369|43994|-1
57380|3257|-1
57380|58089|1
