69 1
64 1
135 1
261 1
290 1
567 1
560 1
606 1
684 1
763 1
806 1
800 1
1139 1
1024 1
1242 1
1337 1
1315 1
1517 1
1439 1
1409 1
1408 1
1448 1
1657 1
1787 1
1724 1
1722 1
1811 1
2007 1
1936 1
1937 1
2066 1
2072 1
2121 1
2172 1
2145 1
2457 1
2499 1
2549 1
2737 1
2728 1
2709 1
2795 1
2568 1
2679 1
2671 1
2636 1
3000 1
2871 1
2874 1
3291 1
3305 1
3223 1
3247 1
3189 1
3566 1
3505 1
3508 1
3423 1
3427 1
3336 1
3367 1
3761 1
3696 1
4050 1
4052 1
4004 1
3962 1
3932 1
3895 1
4378 1
4455 1
4514 1
4558 1
4271 1
4293 1
4966 1
5118 1
4654 1
4691 1
4784 1
4805 1
4816 1
5496 1
5426 1
5405 1
5583 1
5560 1
5526 1
5507 1
5924 1
6137 1
6022 1
5725 1
5641 1
5658 1
6576 1
6531 1
6556 1
6651 1
6458 1
6408 1
6506 1
6469 1
6494 1
6331 1
6312 1
6298 1
6241 1
6224 1
7137 1
6914 1
6958 1
6815 1
6790 1
6850 1
6853 1
6682 1
6722 1
6731 1
6770 1
6760 1
7617 1
7533 1
7519 1
7481 1
7415 1
7384 1
7368 1
7350 1
7215 1
7181 1
7911 1
7757 1
7759 1
7781 1
7737 1
132160 1
132105 1
8718 1
8931 1
132275 1
132227 1
9060 1
9035 1
8998 1
9204 1
9141 1
9117 1
8229 1
8246 1
8540 1
8486 1
8653 1
8696 1
8626 1
9741 1
9758 1
9806 1
9807 1
131154 1
9900 1
9977 1
131273 1
9936 1
10062 1
10133 1
10121 1
10227 1
10230 1
10191 1
9240 1
9258 1
9252 1
9288 1
9301 1
131684 1
9347 1
9405 1
9500 1
9527 1
9659 1
132006 1
132060 1
132062 1
9682 1
132050 1
132034 1
9722 1
132087 1
11001 1
11002 1
10942 1
10927 1
10918 1
10839 1
10790 1
10763 1
11211 1
11199 1
11161 1
11100 1
11055 1
11060 1
11058 1
10452 1
10282 1
10285 1
10738 1
10739 1
10654 1
10612 1
10550 1
10555 1
10553 1
11918 1
12016 1
12022 1
11997 1
11982 1
11832 1
11820 1
11812 1
11898 1
11869 1
11861 1
11848 1
12199 1
12160 1
12163 1
12170 1
12262 1
12277 1
12287 1
12053 1
12138 1
12096 1
12125 1
11416 1
11393 1
11448 1
11428 1
11481 1
11456 1
11505 1
11506 1
11294 1
11324 1
11317 1
11341 1
11332 1
11652 1
11655 1
11695 1
11699 1
11730 1
11739 1
11748 1
11754 1
11631 1
11629 1
11617 1
198239 1
13144 1
13145 1
198231 1
198229 1
13125 1
198209 1
198257 1
198157 1
13066 1
198178 1
13277 1
198364 1
198396 1
13302 1
198368 1
198283 1
13186 1
198318 1
13219 1
198315 1
12913 1
12825 1
198441 1
12845 1
198432 1
198453 1
198450 1
198596 1
198620 1
12932 1
12947 1
12641 1
197720 1
197647 1
12558 1
12791 1
197885 1
12744 1
12738 1
197810 1
197794 1
12704 1
12694 1
197762 1
197760 1
12395 1
198013 1
197970 1
12376 1
197899 1
197900 1
197903 1
197908 1
12517 1
12493 1
198092 1
198100 1
198057 1
12474 1
12476 1
197147 1
14098 1
14081 1
197173 1
14141 1
14123 1
197165 1
14162 1
197213 1
197196 1
14191 1
197272 1
14226 1
14239 1
197268 1
14212 1
14213 1
197259 1
14220 1
14268 1
14242 1
14276 1
197367 1
197378 1
13867 1
197408 1
197421 1
197428 1
197432 1
13931 1
197490 1
13938 1
13966 1
197537 1
197564 1
14026 1
14037 1
197601 1
14068 1
14077 1
13680 1
196709 1
13677 1
196692 1
196675 1
13637 1
13756 1
196782 1
196738 1
196823 1
13764 1
13359 1
196911 1
13312 1
196886 1
196888 1
196981 1
13432 1
196941 1
196937 1
13498 1
13503 1
13463 1
13469 1
13564 1
13523 1
13520 1
15299 1
15203 1
15225 1
15105 1
15104 1
15166 1
15099 1
15075 1
14993 1
15021 1
14963 1
14972 1
14876 1
14911 1
14884 1
14833 1
14796 1
14812 1
14810 1
14807 1
14758 1
14660 1
14658 1
14685 1
14636 1
14595 1
14606 1
14533 1
14525 1
14488 1
14482 1
14487 1
14484 1
14452 1
14386 1
14345 1
14344 1
16295 1
16309 1
16312 1
16338 1
16343 1
16358 1
16366 1
16170 1
16187 1
16215 1
16032 1
16042 1
16065 1
16074 1
16122 1
16103 1
15801 1
198799 1
15857 1
198661 1
15645 1
198776 1
15709 1
15494 1
15606 1
15597 1
15387 1
15478 1
15445 1
17551 1
17574 1
17579 1
17478 1
17497 1
17517 1
17442 1
17844 1
17842 1
17851 1
17835 1
17777 1
17763 1
18154 1
18163 1
18102 1
18104 1
18078 1
18024 1
17999 1
17984 1
17985 1
18010 1
17977 1
18416 1
18405 1
18408 1
18398 1
18358 1
18336 1
18344 1
18347 1
18311 1
18249 1
18208 1
18190 1
16550 1
16546 1
16575 1
16562 1
16621 1
16634 1
16627 1
16401 1
16429 1
16473 1
16817 1
16806 1
16834 1
16892 1
16869 1
16675 1
17084 1
17122 1
17141 1
17102 1
17117 1
16933 1
16916 1
16993 1
17013 1
17021 1
16976 1
16991 1
17323 1
17327 1
17317 1
17399 1
17211 1
17173 1
17237 1
262209 1
19547 1
19540 1
19522 1
19571 1
19569 1
19562 1
19474 1
19514 1
19502 1
19678 1
19659 1
262357 1
19697 1
262392 1
262386 1
19605 1
19590 1
19597 1
19646 1
262304 1
19630 1
262471 1
19805 1
19813 1
19836 1
262410 1
19728 1
262453 1
19771 1
262642 1
19965 1
262529 1
19892 1
19895 1
19891 1
262560 1
19897 1
262770 1
20073 1
20068 1
20065 1
20058 1
20043 1
20016 1
20020 1
262709 1
262718 1
19979 1
262685 1
19974 1
262882 1
20204 1
20183 1
20188 1
262852 1
262864 1
20150 1
20148 1
20096 1
20104 1
20106 1
20329 1
20307 1
20266 1
20285 1
20228 1
20459 1
20466 1
20476 1
20440 1
20415 1
20367 1
18464 1
18503 1
18576 1
18609 1
18688 1
18711 1
18736 1
18755 1
18752 1
18762 1
18825 1
18847 1
18839 1
18832 1
18864 1
18907 1
18901 1
18942 1
18951 1
18958 1
18959 1
19061 1
19035 1
19015 1
19134 1
19122 1
19094 1
19139 1
19208 1
19221 1
19296 1
19287 1
19294 1
19291 1
19290 1
19288 1
19352 1
19451 1
19398 1
19395 1
21987 1
21961 1
21936 1
21944 1
21921 1
21910 1
21862 1
21847 1
21845 1
21797 1
21790 1
21773 1
21763 1
21698 1
21699 1
21667 1
21664 1
21687 1
21640 1
21654 1
21614 1
21583 1
21568 1
21544 1
21526 1
22425 1
22410 1
22433 1
22437 1
22396 1
22297 1
22290 1
22318 1
22214 1
22264 1
22161 1
22165 1
22096 1
22125 1
22031 1
22016 1
22052 1
20923 1
20975 1
20797 1
20752 1
20749 1
20863 1
20649 1
20642 1
20613 1
20673 1
20518 1
20560 1
20568 1
21393 1
21431 1
21410 1
21452 1
21498 1
21495 1
21255 1
21356 1
21142 1
21229 1
21223 1
20995 1
21052 1
21097 1
23899 1
23895 1
23850 1
23856 1
23813 1
24009 1
24025 1
24029 1
23942 1
23959 1
23670 1
23571 1
23745 1
23741 1
23713 1
23726 1
24404 1
327699 1
24345 1
24379 1
24531 1
24548 1
24460 1
24488 1
24503 1
24188 1
24184 1
24181 1
24177 1
24104 1
24308 1
24302 1
24214 1
24235 1
22896 1
22852 1
22578 1
22560 1
22545 1
22555 1
22638 1
22622 1
22718 1
22710 1
22708 1
22669 1
22757 1
22737 1
22733 1
23333 1
23363 1
23390 1
23417 1
23442 1
23466 1
23501 1
23527 1
23539 1
23041 1
23129 1
23108 1
23192 1
23180 1
23257 1
23273 1
23270 1
23266 1
26240 1
26267 1
26268 1
26351 1
26360 1
26307 1
26304 1
26157 1
26147 1
26149 1
26235 1
26176 1
26503 1
26590 1
26397 1
26373 1
26491 1
26473 1
26460 1
26440 1
26441 1
25774 1
25784 1
25828 1
25639 1
25722 1
25714 1
26014 1
25985 1
26039 1
26024 1
26061 1
26098 1
26105 1
26095 1
25866 1
25912 1
25904 1
25976 1
25321 1
25316 1
25330 1
25259 1
25226 1
25193 1
25208 1
25127 1
25140 1
25599 1
25547 1
25517 1
25510 1
25435 1
25395 1
25379 1
25388 1
25346 1
24812 1
24718 1
24726 1
24720 1
24666 1
24697 1
24591 1
24610 1
25025 1
24969 1
25018 1
24905 1
24907 1
24935 1
24871 1
28182 1
28228 1
28542 1
28535 1
28511 1
28510 1
28601 1
28557 1
28556 1
28558 1
28636 1
27667 1
27660 1
27658 1
27651 1
27700 1
27702 1
27815 1
27848 1
27891 1
27917 1
27905 1
27931 1
27978 1
27986 1
28014 1
28057 1
28085 1
28095 1
28109 1
27219 1
393224 1
27306 1
27273 1
27439 1
27625 1
27620 1
27643 1
26711 1
26741 1
26747 1
26645 1
26655 1
26635 1
26633 1
26684 1
26686 1
26660 1
26839 1
26826 1
26866 1
26780 1
26766 1
26796 1
26979 1
26883 1
26924 1
27012 1
30613 1
30592 1
30637 1
30685 1
30683 1
30659 1
30717 1
30696 1
30522 1
30537 1
30591 1
30352 1
30360 1
30377 1
30379 1
30405 1
30427 1
30424 1
30461 1
30459 1
30209 1
30235 1
30226 1
30224 1
30228 1
30253 1
30244 1
30287 1
30297 1
30326 1
30135 1
30119 1
30086 1
30194 1
30201 1
30183 1
30163 1
30153 1
30155 1
29960 1
29958 1
30065 1
30038 1
29857 1
29858 1
29876 1
29827 1
29839 1
29853 1
29925 1
29928 1
29946 1
29916 1
29732 1
29755 1
29750 1
29696 1
29800 1
29809 1
29775 1
29642 1
29590 1
29579 1
29631 1
29534 1
29508 1
29564 1
29548 1
29398 1
29364 1
29257 1
29233 1
29164 1
29131 1
29123 1
29126 1
29116 1
29113 1
29060 1
29025 1
28898 1
28811 1
28772 1
28679 1
28701 1
32582 1
32579 1
32638 1
32655 1
32695 1
32693 1
32732 1
32259 1
32296 1
32334 1
32333 1
32380 1
32378 1
32359 1
32414 1
32386 1
32394 1
32462 1
32046 1
32014 1
32109 1
32123 1
32072 1
32070 1
32168 1
32180 1
32184 1
32131 1
32154 1
32242 1
32200 1
32211 1
31794 1
31754 1
31851 1
31847 1
31830 1
31922 1
31919 1
31914 1
31899 1
31583 1
31491 1
31526 1
31539 1
31648 1
31670 1
31320 1
31289 1
31265 1
31269 1
31442 1
31436 1
31426 1
31384 1
31071 1
31025 1
30982 1
30997 1
31005 1
31109 1
31120 1
30832 1
30834 1
30818 1
30789 1
30743 1
30751 1
30747 1
30966 1
30958 1
30929 1
30888 1
30890 1
35268 1
35294 1
35305 1
35315 1
35112 1
35164 1
35190 1
34979 1
34991 1
35039 1
35011 1
35066 1
35048 1
34865 1
34860 1
34850 1
34908 1
35747 1
35736 1
35811 1
35829 1
35782 1
35786 1
35784 1
35791 1
35628 1
35709 1
35675 1
35674 1
35458 1
35563 1
35536 1
35521 1
35372 1
36335 1
36229 1
36248 1
36215 1
36096 1
36128 1
36131 1
35931 1
35841 1
35842 1
35845 1
35893 1
35898 1
35900 1
35877 1
35882 1
35883 1
36824 1
36769 1
36792 1
36747 1
36713 1
36716 1
36727 1
36729 1
36732 1
36660 1
36665 1
36637 1
36607 1
36579 1
36562 1
36551 1
36537 1
36510 1
36505 1
36506 1
36500 1
36454 1
36453 1
36445 1
36424 1
36412 1
36370 1
33060 1
33146 1
33153 1
33241 1
33216 1
33253 1
33255 1
32781 1
32783 1
32825 1
32828 1
32840 1
32872 1
32888 1
32921 1
32960 1
32988 1
33013 1
33578 1
33565 1
33550 1
33656 1
33661 1
33663 1
33653 1
33655 1
33654 1
33616 1
33601 1
33666 1
33665 1
33664 1
33673 1
33789 1
33729 1
33318 1
33307 1
33383 1
33398 1
33349 1
33452 1
33423 1
33434 1
33524 1
33473 1
34160 1
34207 1
34186 1
33863 1
33897 1
33822 1
33833 1
33997 1
33992 1
34003 1
34018 1
33944 1
34682 1
34642 1
34645 1
34635 1
34637 1
34562 1
34571 1
34798 1
34766 1
34690 1
34390 1
34343 1
34348 1
34365 1
34333 1
34328 1
34539 1
34535 1
34553 1
34501 1
34495 1
39050 1
39165 1
39143 1
39123 1
39111 1
38962 1
38939 1
38941 1
39036 1
39024 1
38992 1
39336 1
39366 1
39367 1
39207 1
39224 1
39220 1
39169 1
39576 1
39556 1
39559 1
39640 1
39625 1
39438 1
39425 1
39465 1
39902 1
39693 1
39724 1
39786 1
40151 1
40141 1
40107 1
40094 1
40075 1
40078 1
40030 1
40001 1
40012 1
40014 1
40445 1
40442 1
40398 1
40403 1
40379 1
40297 1
40228 1
40653 1
40641 1
40647 1
40685 1
40673 1
40605 1
40593 1
40594 1
40589 1
40576 1
40614 1
40533 1
40535 1
40526 1
40478 1
40461 1
40482 1
40903 1
40843 1
40858 1
40888 1
40718 1
40730 1
40731 1
40739 1
40766 1
36927 1
36864 1
36869 1
36892 1
36895 1
36966 1
36931 1
36957 1
36950 1
37114 1
37083 1
37176 1
37167 1
37151 1
37139 1
37227 1
37226 1
37201 1
37300 1
37277 1
37367 1
37366 1
37361 1
37362 1
37397 1
37995 1
38002 1
37967 1
37983 1
37928 1
37904 1
37909 1
38117 1
38128 1
38088 1
38085 1
38072 1
38079 1
38016 1
38023 1
38032 1
38034 1
38246 1
38181 1
38187 1
38367 1
38272 1
38497 1
38517 1
38646 1
38542 1
38550 1
38561 1
38587 1
38756 1
38667 1
38696 1
38865 1
38897 1
38899 1
38792 1
38832 1
38820 1
44008 1
44015 1
44024 1
43997 1
43920 1
43851 1
43818 1
43765 1
43752 1
43671 1
43648 1
43661 1
43634 1
43606 1
43563 1
43553 1
43544 1
43538 1
43457 1
43489 1
43496 1
43409 1
43414 1
43431 1
43428 1
43432 1
43336 1
43349 1
43292 1
43312 1
43231 1
43224 1
43169 1
43177 1
43100 1
43129 1
43120 1
43119 1
43065 1
44984 1
44979 1
45038 1
45053 1
45004 1
44808 1
44720 1
44715 1
44706 1
44679 1
44794 1
44752 1
44756 1
44602 1
44577 1
44589 1
44573 1
44661 1
44643 1
44650 1
44610 1
44620 1
44459 1
44460 1
44536 1
44531 1
44289 1
44290 1
44328 1
44337 1
44350 1
44389 1
44205 1
44204 1
44266 1
44037 1
44042 1
44072 1
44120 1
41775 1
41968 1
41939 1
41917 1
41895 1
41891 1
41899 1
41857 1
41864 1
41576 1
41532 1
41487 1
41725 1
41687 1
41633 1
41656 1
41303 1
41292 1
41239 1
41262 1
41425 1
41459 1
41442 1
41450 1
41449 1
41367 1
41397 1
41068 1
41058 1
40979 1
41174 1
41214 1
41119 1
42799 1
42782 1
42878 1
42857 1
42827 1
42900 1
42901 1
42994 1
42512 1
42593 1
42598 1
42609 1
42588 1
42663 1
42624 1
42650 1
42725 1
42724 1
42711 1
42709 1
42258 1
42316 1
42360 1
42348 1
42388 1
42391 1
42382 1
42403 1
42489 1
42480 1
42479 1
42476 1
42035 1
42043 1
42143 1
42147 1
42179 1
47825 1
47824 1
47816 1
47840 1
47851 1
47754 1
47691 1
48110 1
48113 1
48019 1
47941 1
47896 1
47915 1
47931 1
47924 1
47356 1
47318 1
47308 1
47268 1
47162 1
47154 1
47596 1
47603 1
47539 1
47463 1
47455 1
47368 1
47384 1
47381 1
47383 1
48804 1
48858 1
48671 1
48647 1
48695 1
48722 1
48727 1
48753 1
48763 1
48749 1
49065 1
49062 1
49086 1
49097 1
49094 1
49130 1
49127 1
49147 1
48925 1
48929 1
48970 1
49014 1
49020 1
48260 1
48360 1
48170 1
48150 1
48158 1
48131 1
48198 1
48196 1
48603 1
48399 1
48492 1
48497 1
45646 1
45651 1
45695 1
45571 1
45611 1
45623 1
45783 1
45819 1
45700 1
45728 1
45745 1
45831 1
45880 1
45864 1
46022 1
45976 1
45988 1
45157 1
45135 1
45132 1
45100 1
45091 1
45095 1
45112 1
45310 1
45253 1
45222 1
45439 1
45409 1
45322 1
45566 1
45482 1
46598 1
46600 1
46709 1
46756 1
46770 1
46795 1
46801 1
46855 1
46848 1
46856 1
46892 1
46962 1
46975 1
46951 1
46956 1
47034 1
47021 1
47012 1
47048 1
47047 1
47097 1
47088 1
47092 1
47082 1
46116 1
46124 1
46131 1
46136 1
46143 1
46102 1
46158 1
46165 1
46267 1
46234 1
46237 1
46315 1
46332 1
46280 1
46294 1
46293 1
46402 1
46508 1
46486 1
46468 1
46470 1
46560 1
46552 1
52298 1
52243 1
53119 1
53085 1
53024 1
53027 1
53031 1
53014 1
53132 1
51500 1
51502 1
51546 1
51562 1
51575 1
51620 1
51692 1
51225 1
51221 1
51220 1
51254 1
51247 1
51287 1
51321 1
51302 1
51301 1
51357 1
51358 1
51359 1
51340 1
51452 1
51453 1
51970 1
51998 1
52082 1
52051 1
52133 1
52146 1
52150 1
52116 1
52126 1
52199 1
52193 1
52218 1
52178 1
51786 1
51868 1
51936 1
51951 1
51920 1
51905 1
51919 1
50642 1
50631 1
50514 1
50500 1
50559 1
50532 1
50440 1
50495 1
50380 1
50393 1
50385 1
50388 1
50408 1
50415 1
50414 1
50412 1
50424 1
50328 1
50360 1
50352 1
50242 1
50254 1
50259 1
50199 1
51190 1
51177 1
51169 1
51150 1
51103 1
51026 1
51001 1
50990 1
50922 1
50914 1
50937 1
50839 1
50788 1
50795 1
50801 1
50754 1
50764 1
50770 1
50736 1
50745 1
49596 1
49571 1
49625 1
49613 1
49655 1
49659 1
49663 1
49416 1
49408 1
49466 1
49518 1
49289 1
49297 1
49401 1
49406 1
49166 1
49180 1
49177 1
49184 1
49202 1
49239 1
49258 1
49274 1
50102 1
50070 1
50069 1
50077 1
50166 1
50151 1
50132 1
49978 1
49954 1
49936 1
49932 1
50044 1
49831 1
49846 1
49900 1
49862 1
49856 1
49879 1
49697 1
49738 1
49755 1
56418 1
56355 1
56346 1
56333 1
56335 1
56552 1
56507 1
56469 1
56453 1
56660 1
56630 1
56577 1
56810 1
56757 1
56908 1
56951 1
56945 1
56871 1
56875 1
57053 1
57048 1
57027 1
57021 1
57189 1
57095 1
57109 1
57140 1
57317 1
57312 1
57340 1
57217 1
57222 1
57240 1
57276 1
55357 1
55347 1
55338 1
55320 1
55301 1
55302 1
55417 1
55374 1
55484 1
55530 1
55509 1
55512 1
55519 1
55518 1
55593 1
55594 1
55576 1
55677 1
55671 1
55630 1
55737 1
55692 1
55691 1
55800 1
55934 1
55933 1
55953 1
56019 1
56034 1
56073 1
56084 1
56104 1
56119 1
56145 1
56165 1
56189 1
56179 1
56214 1
56252 1
56267 1
56306 1
54477 1
54457 1
54364 1
54648 1
54608 1
54604 1
54580 1
54561 1
53390 1
53386 1
53396 1
53398 1
53491 1
53489 1
53293 1
53308 1
53366 1
53664 1
53658 1
53738 1
53740 1
53742 1
53698 1
53510 1
53603 1
53588 1
53570 1
53895 1
53969 1
53989 1
53773 1
53795 1
53844 1
53846 1
54151 1
54214 1
54270 1
54099 1
54096 1
54097 1
54090 1
58513 1
58389 1
58420 1
58459 1
58491 1
58352 1
58202 1
58145 1
58137 1
58089 1
58050 1
58070 1
58029 1
57999 1
58007 1
57894 1
57916 1
57687 1
57721 1
57615 1
57611 1
57604 1
57663 1
57651 1
57565 1
57501 1
57532 1
57412 1
57436 1
57430 1
57450 1
57467 1
57369 1
57380 1
